0.1 -15.3 1.04
1.33 0.32 0.594
2.55 2.45 0.983
3.78 2.75 0.998
5 2.27 1.11
6.22 1.35 0.398
7.45 0.157 0.535
8.68 -1.23 0.968
9.9 -2.75 0.478


0.1 -15.3058 0.989364
0.1098 -14.6718 0.955784
0.1196 -14.0937 0.925452
0.1294 -13.5627 0.897856
0.1392 -13.0719 0.872592
0.149 -12.6159 0.849344
0.1588 -12.1901 0.827853
0.1686 -11.7911 0.807907
0.1784 -11.4157 0.789331
0.1882 -11.0614 0.771979
0.198 -10.7261 0.755725
0.2078 -10.408 0.740463
0.2176 -10.1054 0.726101
0.2274 -9.817 0.712558
0.2372 -9.5416 0.699766
0.247 -9.27815 0.687663
0.2568 -9.02572 0.676196
0.2666 -8.78347 0.665315
0.2764 -8.55067 0.654978
0.2862 -8.32667 0.645146
0.296 -8.11087 0.635786
0.3058 -7.90273 0.626865
0.3156 -7.70178 0.618356
0.3254 -7.50758 0.610233
0.3352 -7.31971 0.602472
0.345 -7.13783 0.595051
0.3548 -6.96158 0.587952
0.3646 -6.79068 0.581155
0.3744 -6.62482 0.574645
0.3842 -6.46376 0.568405
0.394 -6.30725 0.562422
0.4038 -6.15506 0.556681
0.4136 -6.00699 0.551172
0.4234 -5.86285 0.545882
0.4332 -5.72245 0.5408
0.443 -5.58563 0.535917
0.4528 -5.45224 0.531224
0.4626 -5.32211 0.52671
0.4724 -5.19513 0.522368
0.4822 -5.07116 0.518191
0.492 -4.95007 0.514171
0.5018 -4.83176 0.510301
0.5116 -4.71612 0.506574
0.5214 -4.60304 0.502984
0.5312 -4.49243 0.499527
0.541 -4.3842 0.496195
0.5508 -4.27826 0.492984
0.5606 -4.17454 0.489888
0.5704 -4.07296 0.486904
0.5802 -3.97344 0.484027
0.590001 -3.87591 0.481252
0.599801 -3.78031 0.478575
0.609601 -3.68658 0.475992
0.619401 -3.59466 0.4735
0.629201 -3.50448 0.471096
0.639001 -3.416 0.468775
0.648801 -3.32917 0.466535
0.658601 -3.24393 0.464373
0.668401 -3.16024 0.462285
0.678201 -3.07806 0.460269
0.688001 -2.99733 0.458323
0.697801 -2.91802 0.456442
0.707601 -2.84009 0.454626
0.717401 -2.7635 0.452872
0.727201 -2.68822 0.451178
0.737001 -2.6142 0.44954
0.746801 -2.54142 0.447958
0.756601 -2.46985 0.446429
0.766401 -2.39945 0.444952
0.776201 -2.33019 0.443524
0.786001 -2.26204 0.442144
0.795801 -2.19499 0.440809
0.805601 -2.12899 0.439519
0.815401 -2.06403 0.438272
0.825201 -2.00007 0.437066
0.835001 -1.93711 0.4359
0.844801 -1.8751 0.434772
0.854601 -1.81404 0.433681
0.864401 -1.7539 0.432626
0.874201 -1.69465 0.431605
0.884001 -1.63629 0.430618
0.893801 -1.57878 0.429662
0.903601 -1.52211 0.428738
0.913401 -1.46627 0.427843
0.923201 -1.41123 0.426977
0.933001 -1.35698 0.426139
0.942801 -1.3035 0.425328
0.952601 -1.25077 0.424543
0.962401 -1.19879 0.423782
0.972201 -1.14753 0.423046
0.982001 -1.09698 0.422332
0.991801 -1.04712 0.421642
1.0016 -0.997952 0.420972
1.0114 -0.949451 0.420324
1.0212 -0.901605 0.419696
1.031 -0.854404 0.419087
1.0408 -0.807834 0.418497
1.0506 -0.761884 0.417925
1.0604 -0.716542 0.41737
1.0702 -0.671797 0.416832
1.08 -0.627638 0.41631
1.0898 -0.584056 0.415804
1.0996 -0.541038 0.415313
1.1094 -0.498576 0.414836
1.1192 -0.456659 0.414373
1.129 -0.415278 0.413924
1.1388 -0.374424 0.413488
1.1486 -0.334088 0.413064
1.1584 -0.29426 0.412652
1.1682 -0.254933 0.412252
1.178 -0.216098 0.411863
1.1878 -0.177747 0.411485
1.1976 -0.139872 0.411117
1.2074 -0.102465 0.410759
1.2172 -0.065518 0.410411
1.227 -0.0290245 0.410072
1.2368 0.00702301 0.409741
1.2466 0.0426316 0.409419
1.2564 0.0778082 0.409106
1.2662 0.112559 0.4088
1.276 0.146892 0.408502
1.2858 0.180812 0.408211
1.2956 0.214326 0.407927
1.3054 0.24744 0.407649
1.3152 0.28016 0.407378
1.325 0.312492 0.407114
1.3348 0.344441 0.406855
1.3446 0.376014 0.406601
1.3544 0.407215 0.406353
1.3642 0.43805 0.406111
1.374 0.468525 0.405873
1.3838 0.498644 0.40564
1.3936 0.528412 0.405411
1.4034 0.557834 0.405187
1.4132 0.586916 0.404967
1.423 0.615661 0.404751
1.4328 0.644075 0.404538
1.4426 0.672162 0.404329
1.4524 0.699926 0.404124
1.4622 0.727372 0.403921
1.472 0.754504 0.403722
1.4818 0.781326 0.403525
1.4916 0.807842 0.403332
1.5014 0.834057 0.403141
1.5112 0.859973 0.402952
1.521 0.885596 0.402766
1.5308 0.910928 0.402581
1.5406 0.935974 0.402399
1.5504 0.960737 0.402219
1.5602 0.985221 0.40204
1.57 1.00943 0.401863
1.5798 1.03336 0.401688
1.5896 1.05703 0.401514
1.5994 1.08043 0.401341
1.6092 1.10357 0.40117
1.619 1.12645 0.401
1.6288 1.14907 0.400831
1.6386 1.17144 0.400662
1.6484 1.19356 0.400495
1.6582 1.21543 0.400328
1.668 1.23706 0.400162
1.6778 1.25845 0.399997
1.6876 1.2796 0.399831
1.6974 1.30051 0.399667
1.7072 1.32119 0.399503
1.717 1.34164 0.399339
1.7268 1.36186 0.399175
1.7366 1.38186 0.399011
1.7464 1.40163 0.398847
1.7562 1.42119 0.398684
1.766 1.44052 0.39852
1.7758 1.45965 0.398356
1.7856 1.47855 0.398192
1.7954 1.49725 0.398027
1.8052 1.51574 0.397863
1.815 1.53402 0.397698
1.8248 1.5521 0.397532
1.8346 1.56998 0.397366
1.8444 1.58766 0.3972
1.8542 1.60514 0.397033
1.864 1.62242 0.396865
1.8738 1.63952 0.396697
1.8836 1.65642 0.396528
1.8934 1.67313 0.396358
1.9032 1.68965 0.396188
1.913 1.70599 0.396017
1.9228 1.72215 0.395845
1.9326 1.73812 0.395672
1.9424 1.75392 0.395498
1.9522 1.76954 0.395323
1.962 1.78498 0.395147
1.9718 1.80024 0.39497
1.9816 1.81533 0.394792
1.9914 1.83026 0.394613
2.0012 1.84501 0.394433
2.011 1.8596 0.394252
2.0208 1.87401 0.39407
2.0306 1.88827 0.393886
2.0404 1.90236 0.393702
2.0502 1.91629 0.393516
2.06 1.93006 0.393329
2.0698 1.94368 0.39314
2.0796 1.95713 0.392951
2.0894 1.97043 0.39276
2.0992 1.98358 0.392567
2.109 1.99658 0.392374
2.1188 2.00942 0.392179
2.1286 2.02211 0.391982
2.1384 2.03466 0.391784
2.1482 2.04706 0.391585
2.158 2.05931 0.391385
2.1678 2.07142 0.391183
2.1776 2.08339 0.390979
2.1874 2.09521 0.390774
2.1972 2.1069 0.390568
2.207 2.11844 0.39036
2.2168 2.12985 0.390151
2.2266 2.14112 0.38994
2.2364 2.15226 0.389727
2.2462 2.16326 0.389513
2.256 2.17413 0.389298
2.2658 2.18487 0.389081
2.2756 2.19547 0.388862
2.2854 2.20595 0.388642
2.2952 2.2163 0.388421
2.305 2.22652 0.388197
2.3148 2.23661 0.387972
2.3246 2.24658 0.387746
2.3344 2.25642 0.387518
2.3442 2.26614 0.387289
2.354 2.27574 0.387057
2.3638 2.28522 0.386825
2.3736 2.29458 0.38659
2.3834 2.30382 0.386354
2.3932 2.31294 0.386117
2.403 2.32194 0.385878
2.4128 2.33083 0.385637
2.4226 2.3396 0.385394
2.4324 2.34825 0.38515
2.4422 2.3568 0.384905
2.452 2.36523 0.384657
2.4618 2.37355 0.384408
2.4716 2.38176 0.384158
2.4814 2.38986 0.383906
2.4912 2.39785 0.383652
2.501 2.40573 0.383397
2.5108 2.4135 0.38314
2.5206 2.42117 0.382881
2.5304 2.42873 0.382621
2.5402 2.43619 0.382359
2.55 2.44354 0.382095
2.5598 2.45079 0.38183
2.5696 2.45794 0.381563
2.5794 2.46498 0.381295
2.5892 2.47193 0.381025
2.599 2.47877 0.380753
2.6088 2.48552 0.38048
2.6186 2.49216 0.380205
2.6284 2.49871 0.379929
2.6382 2.50516 0.379651
2.648 2.51152 0.379371
2.6578 2.51778 0.37909
2.6676 2.52394 0.378807
2.6774 2.53001 0.378523
2.6872 2.53599 0.378237
2.697 2.54187 0.377949
2.7068 2.54766 0.37766
2.7166 2.55336 0.37737
2.7264 2.55897 0.377077
2.7362 2.56449 0.376783
2.746 2.56992 0.376488
2.7558 2.57526 0.376191
2.7656 2.58051 0.375893
2.7754 2.58567 0.375593
2.7852 2.59074 0.375291
2.795 2.59573 0.374988
2.8048 2.60064 0.374683
2.8146 2.60546 0.374377
2.8244 2.61019 0.374069
2.8342 2.61484 0.37376
2.844 2.6194 0.37345
2.8538 2.62389 0.373137
2.8636 2.62829 0.372824
2.8734 2.6326 0.372508
2.8832 2.63684 0.372192
2.893 2.641 0.371874
2.9028 2.64507 0.371554
2.9126 2.64907 0.371233
2.9224 2.65299 0.37091
2.9322 2.65683 0.370586
2.942 2.66059 0.370261
2.9518 2.66427 0.369934
2.9616 2.66787 0.369606
2.9714 2.6714 0.369276
2.9812 2.67486 0.368945
2.991 2.67823 0.368612
3.0008 2.68154 0.368278
3.0106 2.68476 0.367943
3.0204 2.68792 0.367606
3.0302 2.691 0.367268
3.04 2.69401 0.366928
3.0498 2.69694 0.366587
3.0596 2.6998 0.366245
3.0694 2.70259 0.365901
3.0792 2.70531 0.365557
3.089 2.70796 0.36521
3.0988 2.71054 0.364863
3.1086 2.71305 0.364514
3.1184 2.71549 0.364163
3.1282 2.71786 0.363812
3.138 2.72016 0.363459
3.1478 2.72239 0.363105
3.1576 2.72456 0.362749
3.1674 2.72665 0.362392
3.1772 2.72869 0.362034
3.187 2.73065 0.361675
3.1968 2.73255 0.361314
3.2066 2.73438 0.360953
3.2164 2.73615 0.36059
3.2262 2.73785 0.360225
3.236 2.73949 0.35986
3.2458 2.74106 0.359493
3.2556 2.74257 0.359125
3.2654 2.74402 0.358756
3.2752 2.7454 0.358386
3.285 2.74673 0.358014
3.2948 2.74798 0.357642
3.3046 2.74918 0.357268
3.3144 2.75032 0.356893
3.3242 2.75139 0.356517
3.334 2.75241 0.356139
3.3438 2.75336 0.355761
3.3536 2.75425 0.355381
3.3634 2.75509 0.355001
3.3732 2.75586 0.354619
3.383 2.75658 0.354236
3.3928 2.75723 0.353852
3.4026 2.75783 0.353467
3.4124 2.75837 0.353081
3.4222 2.75885 0.352694
3.432 2.75928 0.352306
3.4418 2.75965 0.351916
3.4516 2.75996 0.351526
3.4614 2.76022 0.351135
3.4712 2.76041 0.350742
3.481 2.76056 0.350349
3.4908 2.76065 0.349955
3.5006 2.76068 0.349559
3.5104 2.76066 0.349163
3.5202 2.76058 0.348766
3.53 2.76045 0.348367
3.5398 2.76027 0.347968
3.5496 2.76003 0.347568
3.5594 2.75974 0.347167
3.5692 2.75939 0.346765
3.579 2.759 0.346362
3.5888 2.75855 0.345958
3.5986 2.75805 0.345553
3.6084 2.75749 0.345147
3.6182 2.75689 0.344741
3.628 2.75623 0.344333
3.6378 2.75553 0.343925
3.6476 2.75477 0.343516
3.6574 2.75396 0.343106
3.6672 2.7531 0.342695
3.677 2.75219 0.342283
3.6868 2.75123 0.341871
3.6966 2.75023 0.341457
3.7064 2.74917 0.341043
3.7162 2.74807 0.340628
3.726 2.74691 0.340213
3.7358 2.74571 0.339796
3.7456 2.74446 0.339379
3.7554 2.74316 0.338961
3.7652 2.74181 0.338542
3.775 2.74042 0.338123
3.7848 2.73898 0.337703
3.7946 2.73749 0.337282
3.8044 2.73596 0.33686
3.8142 2.73438 0.336438
3.824 2.73275 0.336015
3.8338 2.73108 0.335591
3.8436 2.72936 0.335167
3.8534 2.7276 0.334742
3.8632 2.72579 0.334316
3.873 2.72394 0.33389
3.8828 2.72204 0.333463
3.8926 2.7201 0.333035
3.9024 2.71811 0.332607
3.9122 2.71608 0.332178
3.922 2.714 0.331749
3.9318 2.71188 0.331319
3.9416 2.70972 0.330889
3.9514 2.70751 0.330458
3.9612 2.70527 0.330026
3.971 2.70297 0.329594
3.9808 2.70064 0.329161
3.9906 2.69826 0.328728
4.0004 2.69585 0.328294
4.0102 2.69339 0.32786
4.02 2.69088 0.327426
4.0298 2.68834 0.32699
4.0396 2.68575 0.326555
4.0494 2.68313 0.326119
4.0592 2.68046 0.325682
4.069 2.67775 0.325245
4.0788 2.67501 0.324808
4.0886 2.67222 0.32437
4.0984 2.66939 0.323932
4.1082 2.66652 0.323493
4.118 2.66361 0.323054
4.1278 2.66066 0.322615
4.1376 2.65767 0.322175
4.1474 2.65465 0.321735
4.1572 2.65158 0.321295
4.167 2.64848 0.320854
4.1768 2.64533 0.320413
4.1866 2.64215 0.319971
4.1964 2.63893 0.31953
4.2062 2.63567 0.319087
4.216 2.63238 0.318645
4.2258 2.62904 0.318203
4.2356 2.62567 0.31776
4.2454 2.62226 0.317317
4.2552 2.61882 0.316873
4.265 2.61533 0.31643
4.2748 2.61181 0.315986
4.2846 2.60825 0.315542
4.2944 2.60466 0.315098
4.3042 2.60103 0.314654
4.314 2.59736 0.314209
4.3238 2.59366 0.313764
4.3336 2.58992 0.313319
4.3434 2.58615 0.312874
4.3532 2.58234 0.312429
4.363 2.5785 0.311984
4.3728 2.57462 0.311539
4.3826 2.5707 0.311093
4.3924 2.56675 0.310648
4.4022 2.56276 0.310202
4.412 2.55874 0.309757
4.4218 2.55469 0.309311
4.4316 2.5506 0.308865
4.4414 2.54648 0.308419
4.4512 2.54232 0.307973
4.461 2.53813 0.307528
4.4708 2.53391 0.307082
4.4806 2.52965 0.306636
4.4904 2.52536 0.30619
4.5002 2.52103 0.305745
4.51 2.51667 0.305299
4.5198 2.51228 0.304853
4.5296 2.50786 0.304408
4.5394 2.5034 0.303962
4.5492 2.49891 0.303517
4.559 2.49439 0.303072
4.5688 2.48984 0.302627
4.5786 2.48525 0.302182
4.5884 2.48063 0.301737
4.5982 2.47598 0.301292
4.608 2.4713 0.300848
4.6178 2.46659 0.300403
4.6276 2.46184 0.299959
4.6374 2.45707 0.299515
4.6472 2.45226 0.299072
4.657 2.44742 0.298628
4.6668 2.44255 0.298185
4.6766 2.43765 0.297742
4.6864 2.43272 0.297299
4.6962 2.42776 0.296857
4.706 2.42277 0.296415
4.7158 2.41775 0.295973
4.7256 2.41269 0.295531
4.7354 2.40761 0.29509
4.7452 2.4025 0.294649
4.755 2.39736 0.294209
4.7648 2.39218 0.293769
4.7746 2.38698 0.293329
4.7844 2.38175 0.292889
4.7942 2.37649 0.292451
4.804 2.3712 0.292012
4.8138 2.36588 0.291574
4.8236 2.36054 0.291136
4.8334 2.35516 0.290699
4.8432 2.34975 0.290262
4.853 2.34432 0.289826
4.8628 2.33886 0.28939
4.8726 2.33337 0.288955
4.8824 2.32785 0.28852
4.8922 2.3223 0.288086
4.902 2.31672 0.287652
4.9118 2.31112 0.287219
4.9216 2.30549 0.286787
4.9314 2.29983 0.286355
4.9412 2.29415 0.285924
4.951 2.28843 0.285493
4.9608 2.28269 0.285063
4.9706 2.27692 0.284634
4.9804 2.27113 0.284205
4.9902 2.2653 0.283777
5.00001 2.25945 0.283349
5.00981 2.25358 0.282923
5.01961 2.24767 0.282497
5.02941 2.24174 0.282071
5.03921 2.23579 0.281647
5.04901 2.2298 0.281223
5.05881 2.2238 0.2808
5.06861 2.21776 0.280378
5.07841 2.2117 0.279956
5.08821 2.20561 0.279536
5.09801 2.1995 0.279116
5.10781 2.19336 0.278697
5.11761 2.18719 0.278279
5.12741 2.181 0.277862
5.13721 2.17479 0.277445
5.14701 2.16854 0.27703
5.15681 2.16228 0.276615
5.16661 2.15598 0.276202
5.17641 2.14967 0.275789
5.18621 2.14332 0.275377
5.19601 2.13696 0.274966
5.20581 2.13056 0.274557
5.21561 2.12415 0.274148
5.22541 2.1177 0.27374
5.23521 2.11124 0.273333
5.24501 2.10475 0.272928
5.25481 2.09823 0.272523
5.26461 2.09169 0.272119
5.27441 2.08513 0.271717
5.28421 2.07854 0.271316
5.29401 2.07193 0.270915
5.30381 2.06529 0.270516
5.31361 2.05863 0.270118
5.32341 2.05195 0.269722
5.33321 2.04524 0.269326
5.34301 2.03851 0.268931
5.35281 2.03176 0.268538
5.36261 2.02498 0.268146
5.37241 2.01818 0.267756
5.38221 2.01135 0.267366
5.39201 2.0045 0.266978
5.40181 1.99763 0.266591
5.41161 1.99074 0.266205
5.42141 1.98382 0.265821
5.43121 1.97688 0.265438
5.44101 1.96992 0.265056
5.45081 1.96294 0.264676
5.46061 1.95593 0.264297
5.47041 1.9489 0.26392
5.48021 1.94185 0.263544
5.49001 1.93477 0.263169
5.49981 1.92767 0.262796
5.50961 1.92055 0.262424
5.51941 1.91341 0.262054
5.52921 1.90625 0.261686
5.53901 1.89906 0.261318
5.54881 1.89186 0.260953
5.55861 1.88463 0.260589
5.56841 1.87738 0.260226
5.57821 1.8701 0.259865
5.58801 1.86281 0.259506
5.59781 1.85549 0.259148
5.60761 1.84816 0.258792
5.61741 1.8408 0.258437
5.62721 1.83342 0.258084
5.63701 1.82602 0.257733
5.64681 1.8186 0.257384
5.65661 1.81115 0.257036
5.66641 1.80369 0.25669
5.67621 1.7962 0.256346
5.68601 1.7887 0.256003
5.69581 1.78117 0.255662
5.70561 1.77362 0.255323
5.71541 1.76606 0.254986
5.72521 1.75847 0.254651
5.73501 1.75086 0.254318
5.74481 1.74323 0.253986
5.75461 1.73558 0.253656
5.76441 1.72791 0.253328
5.77421 1.72022 0.253002
5.78401 1.71251 0.252678
5.79381 1.70478 0.252356
5.80361 1.69703 0.252036
5.81341 1.68926 0.251718
5.82321 1.68147 0.251402
5.83301 1.67366 0.251088
5.84281 1.66583 0.250776
5.85261 1.65798 0.250466
5.86241 1.65011 0.250158
5.87221 1.64222 0.249852
5.88201 1.63431 0.249549
5.89181 1.62639 0.249247
5.90161 1.61844 0.248947
5.91141 1.61047 0.24865
5.92121 1.60249 0.248355
5.93101 1.59448 0.248062
5.94081 1.58646 0.247771
5.95061 1.57842 0.247483
5.96041 1.57036 0.247196
5.97021 1.56228 0.246912
5.98001 1.55418 0.24663
5.98981 1.54606 0.246351
5.99961 1.53792 0.246074
6.00941 1.52977 0.245799
6.01921 1.52159 0.245526
6.02901 1.5134 0.245256
6.03881 1.50519 0.244988
6.04861 1.49696 0.244723
6.05841 1.48871 0.24446
6.06821 1.48045 0.244199
6.07801 1.47216 0.243941
6.08781 1.46386 0.243685
6.09761 1.45554 0.243432
6.10741 1.4472 0.243181
6.11721 1.43884 0.242933
6.12701 1.43047 0.242687
6.13681 1.42208 0.242444
6.14661 1.41367 0.242204
6.15641 1.40524 0.241966
6.16621 1.39679 0.24173
6.17601 1.38833 0.241497
6.18581 1.37985 0.241267
6.19561 1.37135 0.24104
6.20541 1.36283 0.240815
6.21521 1.3543 0.240592
6.22501 1.34575 0.240373
6.23481 1.33718 0.240156
6.24461 1.3286 0.239942
6.25441 1.31999 0.239731
6.26421 1.31137 0.239522
6.27401 1.30274 0.239316
6.28381 1.29408 0.239113
6.29361 1.28541 0.238913
6.30341 1.27673 0.238715
6.31321 1.26802 0.238521
6.32301 1.2593 0.238329
6.33281 1.25056 0.23814
6.34261 1.24181 0.237954
6.35241 1.23303 0.237771
6.36221 1.22424 0.237591
6.37201 1.21544 0.237413
6.38181 1.20662 0.237239
6.39161 1.19778 0.237068
6.40141 1.18893 0.236899
6.41121 1.18005 0.236734
6.42101 1.17117 0.236571
6.43081 1.16226 0.236412
6.44061 1.15334 0.236256
6.45041 1.14441 0.236102
6.46021 1.13546 0.235952
6.47001 1.12649 0.235805
6.47981 1.1175 0.235661
6.48961 1.1085 0.23552
6.49941 1.09949 0.235382
6.50921 1.09046 0.235247
6.51901 1.08141 0.235115
6.52881 1.07234 0.234987
6.53861 1.06326 0.234862
6.54841 1.05417 0.23474
6.55821 1.04506 0.234621
6.56801 1.03593 0.234505
6.57781 1.02679 0.234392
6.58761 1.01763 0.234283
6.59741 1.00846 0.234177
6.60721 0.999271 0.234074
6.61701 0.990067 0.233975
6.62681 0.980848 0.233879
6.63661 0.971614 0.233786
6.64641 0.962364 0.233696
6.65621 0.953099 0.23361
6.66601 0.943819 0.233527
6.67581 0.934524 0.233448
6.68561 0.925214 0.233371
6.69541 0.915889 0.233299
6.70521 0.906549 0.233229
6.71501 0.897194 0.233163
6.72481 0.887824 0.2331
6.73461 0.878439 0.233041
6.74441 0.869039 0.232985
6.75421 0.859625 0.232933
6.76401 0.850196 0.232884
6.77381 0.840752 0.232839
6.78361 0.831293 0.232796
6.79341 0.82182 0.232758
6.80321 0.812333 0.232723
6.81301 0.802831 0.232691
6.82281 0.793314 0.232663
6.83261 0.783783 0.232639
6.84241 0.774238 0.232618
6.85221 0.764678 0.2326
6.86201 0.755104 0.232586
6.87181 0.745516 0.232576
6.88161 0.735914 0.232569
6.89141 0.726297 0.232565
6.90121 0.716666 0.232566
6.91101 0.707022 0.232569
6.92081 0.697363 0.232577
6.93061 0.68769 0.232588
6.94041 0.678003 0.232602
6.95021 0.668302 0.232621
6.96001 0.658587 0.232642
6.96981 0.648859 0.232668
6.97961 0.639116 0.232697
6.98941 0.62936 0.232729
6.99921 0.61959 0.232766
7.00901 0.609806 0.232806
7.01881 0.600009 0.232849
7.02861 0.590198 0.232897
7.03841 0.580374 0.232947
7.04821 0.570536 0.233002
7.05801 0.560684 0.23306
7.06781 0.550819 0.233122
7.07761 0.54094 0.233188
7.08741 0.531048 0.233257
7.09721 0.521143 0.23333
7.10701 0.511225 0.233407
7.11681 0.501293 0.233487
7.12661 0.491347 0.233571
7.13641 0.481389 0.233659
7.14621 0.471417 0.23375
7.15601 0.461433 0.233845
7.16581 0.451435 0.233944
7.17561 0.441424 0.234047
7.18541 0.4314 0.234153
7.19521 0.421363 0.234263
7.20501 0.411313 0.234376
7.21481 0.40125 0.234494
7.22461 0.391175 0.234615
7.23441 0.381086 0.23474
7.24421 0.370985 0.234868
7.25401 0.36087 0.235001
7.26381 0.350743 0.235137
7.27361 0.340604 0.235276
7.28341 0.330451 0.23542
7.29321 0.320286 0.235567
7.30301 0.310109 0.235718
7.31281 0.299918 0.235872
7.32261 0.289715 0.236031
7.33241 0.2795 0.236193
7.34221 0.269272 0.236358
7.35201 0.259032 0.236528
7.36181 0.248779 0.236701
7.37161 0.238514 0.236878
7.38141 0.228237 0.237059
7.39121 0.217947 0.237243
7.40101 0.207645 0.237431
7.41081 0.197331 0.237623
7.42061 0.187004 0.237818
7.43041 0.176665 0.238017
7.44021 0.166314 0.23822
7.45001 0.155951 0.238427
7.45981 0.145576 0.238637
7.46961 0.135189 0.238851
7.47941 0.12479 0.239068
7.48921 0.114379 0.23929
7.49901 0.103955 0.239515
7.50881 0.0935204 0.239743
7.51861 0.0830733 0.239976
7.52841 0.0726144 0.240211
7.53821 0.0621437 0.240451
7.54801 0.0516611 0.240694
7.55781 0.0411667 0.240941
7.56761 0.0306606 0.241192
7.57741 0.0201428 0.241446
7.58721 0.00961325 0.241704
7.59701 -0.000927943 0.241965
7.60681 -0.0114808 0.242231
7.61661 -0.0220452 0.242499
7.62641 -0.0326212 0.242772
7.63621 -0.0432087 0.243048
7.64601 -0.0538078 0.243327
7.65581 -0.0644183 0.24361
7.66561 -0.0750403 0.243897
7.67541 -0.0856738 0.244187
7.68521 -0.0963186 0.244481
7.69501 -0.106975 0.244779
7.70481 -0.117642 0.24508
7.71461 -0.128321 0.245384
7.72441 -0.139011 0.245692
7.73421 -0.149713 0.246004
7.74401 -0.160425 0.246319
7.75381 -0.171149 0.246638
7.76361 -0.181884 0.24696
7.77341 -0.19263 0.247286
7.78321 -0.203387 0.247615
7.79301 -0.214156 0.247948
7.80281 -0.224935 0.248284
7.81261 -0.235725 0.248624
7.82241 -0.246527 0.248967
7.83221 -0.257339 0.249313
7.84201 -0.268162 0.249663
7.85181 -0.278996 0.250017
7.86161 -0.289842 0.250374
7.87141 -0.300697 0.250734
7.88121 -0.311564 0.251098
7.89101 -0.322442 0.251465
7.90081 -0.33333 0.251835
7.91061 -0.344229 0.252209
7.92041 -0.355139 0.252587
7.93021 -0.36606 0.252967
7.94001 -0.376991 0.253351
7.94981 -0.387933 0.253739
7.95961 -0.398885 0.254129
7.96941 -0.409849 0.254523
7.97921 -0.420822 0.25492
7.98901 -0.431807 0.255321
7.99881 -0.442801 0.255725
8.00861 -0.453807 0.256132
8.01841 -0.464822 0.256543
8.02821 -0.475848 0.256956
8.03801 -0.486885 0.257373
8.04781 -0.497932 0.257794
8.05761 -0.508989 0.258217
8.06741 -0.520057 0.258644
8.07721 -0.531135 0.259073
8.08701 -0.542223 0.259507
8.09681 -0.553322 0.259943
8.10661 -0.564431 0.260382
8.11641 -0.57555 0.260825
8.12621 -0.586679 0.261271
8.13601 -0.597818 0.261719
8.14581 -0.608968 0.262171
8.15561 -0.620127 0.262627
8.16541 -0.631297 0.263085
8.17521 -0.642477 0.263546
8.18501 -0.653667 0.264011
8.19481 -0.664866 0.264478
8.20461 -0.676076 0.264949
8.21441 -0.687296 0.265422
8.22421 -0.698526 0.265899
8.23401 -0.709766 0.266379
8.24381 -0.721015 0.266861
8.25361 -0.732275 0.267347
8.26341 -0.743544 0.267836
8.27321 -0.754823 0.268327
8.28301 -0.766112 0.268822
8.29281 -0.777411 0.26932
8.30261 -0.788719 0.26982
8.31241 -0.800038 0.270324
8.32221 -0.811366 0.27083
8.33201 -0.822703 0.271339
8.34181 -0.834051 0.271852
8.35161 -0.845408 0.272367
8.36141 -0.856774 0.272885
8.37121 -0.86815 0.273405
8.38101 -0.879536 0.273929
8.39081 -0.890932 0.274456
8.40061 -0.902337 0.274985
8.41041 -0.913751 0.275517
8.42021 -0.925175 0.276052
8.43001 -0.936608 0.27659
8.43981 -0.948051 0.277131
8.44961 -0.959503 0.277674
8.45941 -0.970965 0.27822
8.46921 -0.982436 0.278769
8.47901 -0.993916 0.27932
8.48881 -1.00541 0.279875
8.49861 -1.01691 0.280432
8.50841 -1.02841 0.280991
8.51821 -1.03993 0.281554
8.52801 -1.05146 0.282119
8.53781 -1.06299 0.282686
8.54761 -1.07454 0.283257
8.55741 -1.08609 0.28383
8.56721 -1.09766 0.284405
8.57701 -1.10923 0.284984
8.58681 -1.12081 0.285564
8.59661 -1.1324 0.286148
8.60641 -1.144 0.286734
8.61621 -1.15561 0.287322
8.62601 -1.16723 0.287914
8.63581 -1.17886 0.288507
8.64561 -1.19049 0.289103
8.65541 -1.20214 0.289702
8.66521 -1.21379 0.290303
8.67501 -1.22546 0.290907
8.68481 -1.23713 0.291513
8.69461 -1.24881 0.292122
8.70441 -1.2605 0.292733
8.71421 -1.2722 0.293347
8.72401 -1.28391 0.293963
8.73381 -1.29562 0.294581
8.74361 -1.30735 0.295202
8.75341 -1.31908 0.295826
8.76321 -1.33082 0.296451
8.77301 -1.34258 0.297079
8.78281 -1.35434 0.29771
8.79261 -1.36611 0.298343
8.80241 -1.37788 0.298978
8.81221 -1.38967 0.299615
8.82201 -1.40146 0.300255
8.83181 -1.41327 0.300897
8.84161 -1.42508 0.301542
8.85141 -1.4369 0.302188
8.86121 -1.44873 0.302837
8.87101 -1.46057 0.303489
8.88081 -1.47241 0.304142
8.89061 -1.48427 0.304798
8.90041 -1.49613 0.305456
8.91021 -1.508 0.306116
8.92001 -1.51988 0.306779
8.92981 -1.53177 0.307443
8.93961 -1.54367 0.30811
8.94941 -1.55558 0.308779
8.95921 -1.56749 0.30945
8.96901 -1.57941 0.310124
8.97881 -1.59134 0.310799
8.98861 -1.60328 0.311477
8.99841 -1.61523 0.312157
9.00821 -1.62718 0.312839
9.01801 -1.63915 0.313523
9.02781 -1.65112 0.314209
9.03761 -1.6631 0.314897
9.04741 -1.67509 0.315588
9.05721 -1.68709 0.31628
9.06701 -1.69909 0.316974
9.07681 -1.7111 0.317671
9.08661 -1.72313 0.318369
9.09641 -1.73515 0.31907
9.10621 -1.74719 0.319772
9.11601 -1.75924 0.320477
9.12581 -1.77129 0.321184
9.13561 -1.78335 0.321892
9.14541 -1.79542 0.322603
9.15521 -1.8075 0.323315
9.16501 -1.81959 0.32403
9.17481 -1.83168 0.324746
9.18461 -1.84378 0.325464
9.19441 -1.85589 0.326185
9.20421 -1.86801 0.326907
9.21401 -1.88014 0.327631
9.22381 -1.89227 0.328357
9.23361 -1.90441 0.329085
9.24341 -1.91656 0.329815
9.25321 -1.92872 0.330546
9.26301 -1.94088 0.33128
9.27281 -1.95305 0.332015
9.28261 -1.96524 0.332752
9.29241 -1.97742 0.333491
9.30221 -1.98962 0.334232
9.31201 -2.00182 0.334975
9.32181 -2.01404 0.335719
9.33161 -2.02626 0.336466
9.34141 -2.03848 0.337214
9.35121 -2.05072 0.337964
9.36101 -2.06296 0.338715
9.37081 -2.07521 0.339469
9.38061 -2.08747 0.340224
9.39041 -2.09973 0.340981
9.40021 -2.11201 0.341739
9.41001 -2.12429 0.3425
9.41981 -2.13657 0.343262
9.42961 -2.14887 0.344025
9.43941 -2.16117 0.344791
9.44921 -2.17349 0.345558
9.45901 -2.1858 0.346327
9.46881 -2.19813 0.347097
9.47861 -2.21046 0.34787
9.48841 -2.2228 0.348644
9.49821 -2.23515 0.349419
9.50801 -2.24751 0.350196
9.51781 -2.25987 0.350975
9.52761 -2.27224 0.351755
9.53741 -2.28462 0.352537
9.54721 -2.29701 0.353321
9.55701 -2.3094 0.354106
9.56681 -2.3218 0.354893
9.57661 -2.33421 0.355682
9.58641 -2.34662 0.356472
9.59621 -2.35904 0.357263
9.60601 -2.37147 0.358056
9.61581 -2.38391 0.358851
9.62561 -2.39635 0.359647
9.63541 -2.4088 0.360445
9.64521 -2.42126 0.361244
9.65501 -2.43373 0.362045
9.66481 -2.4462 0.362847
9.67461 -2.45868 0.363651
9.68441 -2.47117 0.364457
9.69421 -2.48366 0.365264
9.70401 -2.49616 0.366072
9.71381 -2.50867 0.366882
9.72361 -2.52119 0.367693
9.73341 -2.53371 0.368506
9.74321 -2.54624 0.36932
9.75301 -2.55878 0.370136
9.76281 -2.57132 0.370953
9.77261 -2.58387 0.371771
9.78241 -2.59643 0.372591
9.79221 -2.609 0.373413
9.80201 -2.62157 0.374235
9.81181 -2.63415 0.37506
9.82161 -2.64673 0.375885
9.83141 -2.65933 0.376712
9.84121 -2.67193 0.377541
9.85101 -2.68453 0.378371
9.86081 -2.69715 0.379202
9.87061 -2.70977 0.380034
9.88041 -2.72239 0.380868
9.89021 -2.73503 0.381703
9.90001 -2.74767 0.38254
