0.1 12.644 0.858
0.145 9.235 0.359
0.211 7.377 0.505
0.307 6.46 0.403
0.447 5.555 0.683
0.649 5.896 0.605
0.944 5.673 0.856
1.372 6.964 0.351
1.995 8.896 1.083
2.9 11.355 1.002


0.1 12.2728 0.508921
0.1028 12.014 0.485961
0.1056 11.7694 0.464487
0.1084 11.5379 0.444396
0.1112 11.3185 0.425593
0.114 11.1102 0.407993
0.1168 10.9124 0.391521
0.1196 10.7242 0.376107
0.1224 10.545 0.361689
0.1252 10.3742 0.348209
0.128 10.2113 0.335616
0.1308 10.0556 0.323862
0.1336 9.90691 0.312902
0.1364 9.76462 0.302696
0.1392 9.6284 0.293206
0.142 9.49789 0.284396
0.1448 9.37275 0.276232
0.1476 9.25268 0.268683
0.1504 9.1374 0.261719
0.1532 9.02663 0.255311
0.156 8.92015 0.24943
0.1588 8.81773 0.244051
0.1616 8.71914 0.239148
0.1644 8.6242 0.234694
0.1672 8.53273 0.230666
0.17 8.44454 0.22704
0.1728 8.35949 0.223793
0.1756 8.27742 0.220902
0.1784 8.1982 0.218345
0.1812 8.12168 0.2161
0.184 8.04775 0.214148
0.1868 7.97629 0.212469
0.1896 7.90719 0.211042
0.1924 7.84035 0.20985
0.1952 7.77566 0.208875
0.198 7.71305 0.2081
0.2008 7.65242 0.20751
0.2036 7.59369 0.207088
0.2064 7.53678 0.206822
0.2092 7.48163 0.206697
0.212 7.42815 0.2067
0.2148 7.37629 0.206821
0.2176 7.32598 0.207047
0.2204 7.27716 0.207369
0.2232 7.22978 0.207777
0.226 7.18379 0.208262
0.2288 7.13912 0.208816
0.2316 7.09575 0.209431
0.2344 7.05361 0.2101
0.2372 7.01266 0.210817
0.24 6.97287 0.211576
0.242801 6.93419 0.212371
0.245601 6.89659 0.213198
0.248401 6.86002 0.214051
0.251201 6.82446 0.214927
0.254001 6.78987 0.215822
0.256801 6.75622 0.216732
0.259601 6.72347 0.217655
0.262401 6.69161 0.218586
0.265201 6.6606 0.219525
0.268001 6.63041 0.220467
0.270801 6.60102 0.221412
0.273601 6.57241 0.222356
0.276401 6.54455 0.223299
0.279201 6.51741 0.224239
0.282001 6.49099 0.225174
0.284801 6.46524 0.226104
0.287601 6.44017 0.227026
0.290401 6.41574 0.227939
0.293201 6.39194 0.228844
0.296001 6.36875 0.229739
0.298801 6.34616 0.230623
0.301601 6.32414 0.231496
0.304401 6.30268 0.232356
0.307201 6.28176 0.233205
0.310001 6.26138 0.23404
0.312801 6.24152 0.234863
0.315601 6.22215 0.235671
0.318401 6.20328 0.236466
0.321201 6.18488 0.237247
0.324001 6.16695 0.238014
0.326801 6.14947 0.238766
0.329601 6.13243 0.239503
0.332401 6.11582 0.240226
0.335201 6.09963 0.240934
0.338001 6.08384 0.241628
0.340801 6.06846 0.242307
0.343601 6.05346 0.242971
0.346401 6.03885 0.24362
0.349201 6.0246 0.244255
0.352001 6.01071 0.244875
0.354801 5.99718 0.24548
0.357601 5.98399 0.246071
0.360401 5.97114 0.246648
0.363201 5.95862 0.24721
0.366001 5.94642 0.247758
0.368801 5.93453 0.248293
0.371601 5.92295 0.248813
0.374401 5.91167 0.249319
0.377201 5.90068 0.249812
0.380001 5.88998 0.250292
0.382801 5.87956 0.250758
0.385601 5.86941 0.251211
0.388401 5.85953 0.251651
0.391201 5.84991 0.252078
0.394001 5.84055 0.252492
0.396801 5.83145 0.252894
0.399601 5.82259 0.253283
0.402401 5.81396 0.25366
0.405201 5.80558 0.254025
0.408001 5.79743 0.254379
0.410801 5.7895 0.25472
0.413601 5.7818 0.25505
0.416401 5.77431 0.255369
0.419201 5.76704 0.255676
0.422001 5.75997 0.255973
0.424801 5.75311 0.256258
0.427601 5.74645 0.256533
0.430401 5.73999 0.256797
0.433201 5.73372 0.257051
0.436001 5.72764 0.257295
0.438801 5.72174 0.257528
0.441601 5.71603 0.257752
0.444401 5.71049 0.257966
0.447201 5.70514 0.25817
0.450001 5.69995 0.258365
0.452801 5.69493 0.25855
0.455601 5.69008 0.258727
0.458401 5.68539 0.258894
0.461201 5.68086 0.259053
0.464001 5.67648 0.259203
0.466801 5.67226 0.259345
0.469601 5.6682 0.259478
0.472401 5.66428 0.259602
0.475201 5.6605 0.259719
0.478001 5.65687 0.259828
0.480801 5.65338 0.259929
0.483601 5.65003 0.260022
0.486401 5.64682 0.260108
0.489201 5.64374 0.260186
0.492001 5.64079 0.260257
0.494801 5.63797 0.26032
0.497601 5.63527 0.260377
0.500401 5.6327 0.260427
0.503201 5.63026 0.26047
0.506001 5.62793 0.260506
0.508801 5.62573 0.260536
0.511601 5.62364 0.260559
0.514401 5.62166 0.260576
0.517201 5.6198 0.260587
0.520002 5.61805 0.260592
0.522802 5.61641 0.26059
0.525602 5.61487 0.260583
0.528402 5.61345 0.26057
0.531202 5.61212 0.260552
0.534002 5.6109 0.260528
0.536802 5.60978 0.260499
0.539602 5.60876 0.260464
0.542402 5.60784 0.260424
0.545202 5.60701 0.260379
0.548002 5.60628 0.260328
0.550802 5.60564 0.260273
0.553602 5.6051 0.260214
0.556402 5.60464 0.260149
0.559202 5.60428 0.26008
0.562002 5.604 0.260006
0.564802 5.60381 0.259928
0.567602 5.60371 0.259845
0.570402 5.60368 0.259758
0.573202 5.60375 0.259667
0.576002 5.60389 0.259572
0.578802 5.60411 0.259473
0.581602 5.60442 0.25937
0.584402 5.6048 0.259263
0.587202 5.60526 0.259153
0.590002 5.60579 0.259039
0.592802 5.6064 0.258921
0.595602 5.60708 0.2588
0.598402 5.60784 0.258675
0.601202 5.60867 0.258547
0.604002 5.60956 0.258416
0.606802 5.61053 0.258281
0.609602 5.61157 0.258144
0.612402 5.61268 0.258003
0.615202 5.61385 0.257859
0.618002 5.61509 0.257713
0.620802 5.61639 0.257564
0.623602 5.61776 0.257412
0.626402 5.61919 0.257257
0.629202 5.62068 0.2571
0.632002 5.62224 0.25694
0.634802 5.62385 0.256777
0.637602 5.62553 0.256613
0.640402 5.62727 0.256446
0.643202 5.62906 0.256277
0.646002 5.63091 0.256105
0.648802 5.63282 0.255931
0.651602 5.63479 0.255756
0.654402 5.63681 0.255578
0.657202 5.63889 0.255399
0.660002 5.64102 0.255217
0.662802 5.6432 0.255034
0.665602 5.64544 0.254849
0.668402 5.64773 0.254662
0.671202 5.65007 0.254473
0.674002 5.65246 0.254284
0.676802 5.6549 0.254092
0.679602 5.65739 0.253899
0.682402 5.65993 0.253705
0.685202 5.66252 0.253509
0.688002 5.66515 0.253312
0.690802 5.66784 0.253114
0.693602 5.67057 0.252914
0.696402 5.67334 0.252714
0.699202 5.67617 0.252512
0.702002 5.67903 0.252309
0.704802 5.68195 0.252106
0.707602 5.6849 0.251901
0.710402 5.6879 0.251696
0.713202 5.69094 0.251489
0.716002 5.69403 0.251282
0.718802 5.69715 0.251075
0.721602 5.70032 0.250866
0.724402 5.70353 0.250657
0.727202 5.70678 0.250448
0.730002 5.71006 0.250237
0.732802 5.71339 0.250027
0.735602 5.71676 0.249816
0.738402 5.72017 0.249605
0.741202 5.72361 0.249393
0.744002 5.72709 0.249181
0.746802 5.73061 0.248969
0.749602 5.73417 0.248756
0.752402 5.73776 0.248544
0.755202 5.74139 0.248331
0.758002 5.74506 0.248119
0.760802 5.74876 0.247906
0.763602 5.75249 0.247693
0.766402 5.75626 0.247481
0.769202 5.76006 0.247268
0.772002 5.7639 0.247056
0.774802 5.76777 0.246844
0.777602 5.77168 0.246632
0.780402 5.77561 0.246421
0.783202 5.77958 0.24621
0.786002 5.78358 0.245999
0.788802 5.78762 0.245788
0.791602 5.79168 0.245578
0.794402 5.79578 0.245369
0.797202 5.7999 0.24516
0.800002 5.80406 0.244952
0.802803 5.80825 0.244744
0.805603 5.81246 0.244537
0.808403 5.81671 0.244331
0.811203 5.82098 0.244125
0.814003 5.82528 0.24392
0.816803 5.82962 0.243716
0.819603 5.83398 0.243513
0.822403 5.83836 0.243311
0.825203 5.84278 0.24311
0.828003 5.84722 0.242909
0.830803 5.85169 0.24271
0.833603 5.85619 0.242511
0.836403 5.86071 0.242314
0.839203 5.86526 0.242118
0.842003 5.86984 0.241923
0.844803 5.87444 0.241729
0.847603 5.87907 0.241536
0.850403 5.88372 0.241345
0.853203 5.8884 0.241155
0.856003 5.8931 0.240966
0.858803 5.89783 0.240779
0.861603 5.90258 0.240593
0.864403 5.90736 0.240408
0.867203 5.91215 0.240225
0.870003 5.91698 0.240043
0.872803 5.92182 0.239863
0.875603 5.92669 0.239684
0.878403 5.93158 0.239507
0.881203 5.9365 0.239332
0.884003 5.94144 0.239158
0.886803 5.94639 0.238986
0.889603 5.95138 0.238816
0.892403 5.95638 0.238647
0.895203 5.9614 0.23848
0.898003 5.96645 0.238315
0.900803 5.97152 0.238152
0.903603 5.97661 0.23799
0.906403 5.98172 0.237831
0.909203 5.98685 0.237673
0.912003 5.992 0.237518
0.914803 5.99717 0.237364
0.917603 6.00236 0.237213
0.920403 6.00757 0.237063
0.923203 6.0128 0.236916
0.926003 6.01805 0.23677
0.928803 6.02332 0.236627
0.931603 6.02861 0.236486
0.934403 6.03392 0.236347
0.937203 6.03925 0.23621
0.940003 6.04459 0.236076
0.942803 6.04995 0.235944
0.945603 6.05534 0.235814
0.948403 6.06074 0.235686
0.951203 6.06616 0.235561
0.954003 6.07159 0.235438
0.956803 6.07705 0.235317
0.959603 6.08252 0.235199
0.962403 6.08801 0.235084
0.965203 6.09351 0.234971
0.968003 6.09904 0.23486
0.970803 6.10458 0.234752
0.973603 6.11013 0.234646
0.976403 6.11571 0.234543
0.979203 6.1213 0.234443
0.982003 6.12691 0.234345
0.984803 6.13253 0.23425
0.987603 6.13817 0.234157
0.990403 6.14382 0.234068
0.993203 6.14949 0.23398
0.996003 6.15518 0.233896
0.998803 6.16088 0.233814
1.0016 6.1666 0.233736
1.0044 6.17233 0.23366
1.0072 6.17808 0.233586
1.01 6.18385 0.233516
1.0128 6.18962 0.233449
1.0156 6.19542 0.233384
1.0184 6.20122 0.233322
1.0212 6.20705 0.233263
1.024 6.21288 0.233208
1.0268 6.21873 0.233155
1.0296 6.2246 0.233105
1.0324 6.23048 0.233058
1.0352 6.23637 0.233014
1.038 6.24228 0.232973
1.0408 6.2482 0.232935
1.0436 6.25413 0.232901
1.0464 6.26008 0.232869
1.0492 6.26604 0.23284
1.052 6.27202 0.232815
1.0548 6.27801 0.232793
1.0576 6.28401 0.232774
1.0604 6.29002 0.232758
1.0632 6.29605 0.232745
1.066 6.30209 0.232736
1.0688 6.30814 0.232729
1.0716 6.31421 0.232726
1.0744 6.32028 0.232726
1.0772 6.32637 0.23273
1.08 6.33248 0.232737
1.0828 6.33859 0.232747
1.0856 6.34472 0.23276
1.0884 6.35086 0.232777
1.0912 6.35701 0.232797
1.094 6.36317 0.23282
1.0968 6.36934 0.232847
1.0996 6.37553 0.232877
1.1024 6.38173 0.232911
1.1052 6.38794 0.232948
1.108 6.39416 0.232988
1.1108 6.40039 0.233032
1.1136 6.40663 0.233079
1.1164 6.41289 0.23313
1.1192 6.41915 0.233184
1.122 6.42543 0.233241
1.1248 6.43171 0.233303
1.1276 6.43801 0.233367
1.1304 6.44432 0.233435
1.1332 6.45064 0.233507
1.136 6.45697 0.233582
1.1388 6.46331 0.233661
1.1416 6.46966 0.233743
1.1444 6.47602 0.233828
1.1472 6.48239 0.233918
1.15 6.48877 0.23401
1.1528 6.49516 0.234107
1.1556 6.50157 0.234207
1.1584 6.50798 0.23431
1.1612 6.5144 0.234417
1.164 6.52083 0.234528
1.1668 6.52727 0.234642
1.1696 6.53372 0.23476
1.1724 6.54018 0.234882
1.1752 6.54665 0.235007
1.178 6.55313 0.235136
1.1808 6.55962 0.235268
1.1836 6.56612 0.235404
1.1864 6.57263 0.235544
1.1892 6.57914 0.235687
1.192 6.58567 0.235834
1.1948 6.5922 0.235985
1.1976 6.59875 0.236139
1.2004 6.6053 0.236297
1.2032 6.61186 0.236458
1.206 6.61843 0.236623
1.2088 6.62501 0.236792
1.2116 6.6316 0.236965
1.2144 6.6382 0.237141
1.2172 6.6448 0.237321
1.22 6.65141 0.237504
1.2228 6.65804 0.237691
1.2256 6.66467 0.237882
1.2284 6.67131 0.238077
1.2312 6.67795 0.238275
1.234 6.68461 0.238477
1.2368 6.69127 0.238682
1.2396 6.69794 0.238891
1.2424 6.70462 0.239104
1.2452 6.71131 0.23932
1.248 6.71801 0.239541
1.2508 6.72471 0.239764
1.2536 6.73142 0.239992
1.2564 6.73814 0.240223
1.2592 6.74487 0.240458
1.262 6.75161 0.240696
1.2648 6.75835 0.240938
1.2676 6.7651 0.241184
1.2704 6.77186 0.241433
1.2732 6.77862 0.241686
1.276 6.78539 0.241943
1.2788 6.79217 0.242203
1.2816 6.79896 0.242467
1.2844 6.80576 0.242734
1.2872 6.81256 0.243005
1.29 6.81937 0.24328
1.2928 6.82618 0.243558
1.2956 6.83301 0.24384
1.2984 6.83984 0.244125
1.3012 6.84668 0.244414
1.304 6.85352 0.244707
1.3068 6.86037 0.245003
1.3096 6.86723 0.245303
1.3124 6.8741 0.245607
1.3152 6.88097 0.245914
1.318 6.88785 0.246224
1.3208 6.89473 0.246538
1.3236 6.90163 0.246856
1.3264 6.90852 0.247177
1.3292 6.91543 0.247501
1.332 6.92234 0.24783
1.3348 6.92926 0.248161
1.3376 6.93619 0.248497
1.3404 6.94312 0.248835
1.3432 6.95006 0.249177
1.346 6.957 0.249523
1.3488 6.96395 0.249872
1.3516 6.97091 0.250225
1.3544 6.97787 0.250581
1.3572 6.98484 0.25094
1.36 6.99181 0.251303
1.3628 6.9988 0.25167
1.3656 7.00578 0.252039
1.3684 7.01278 0.252413
1.3712 7.01978 0.252789
1.374 7.02678 0.253169
1.3768 7.03379 0.253553
1.3796 7.04081 0.253939
1.3824 7.04783 0.254329
1.3852 7.05486 0.254723
1.388 7.0619 0.25512
1.3908 7.06894 0.25552
1.3936 7.07599 0.255923
1.3964 7.08304 0.25633
1.3992 7.0901 0.25674
1.402 7.09716 0.257153
1.4048 7.10423 0.25757
1.4076 7.1113 0.25799
1.4104 7.11838 0.258413
1.4132 7.12547 0.25884
1.416 7.13256 0.259269
1.4188 7.13965 0.259702
1.4216 7.14676 0.260138
1.4244 7.15386 0.260578
1.4272 7.16098 0.26102
1.43 7.16809 0.261466
1.4328 7.17522 0.261915
1.4356 7.18234 0.262367
1.4384 7.18948 0.262822
1.4412 7.19662 0.26328
1.444 7.20376 0.263741
1.4468 7.21091 0.264206
1.4496 7.21806 0.264673
1.4524 7.22522 0.265144
1.4552 7.23239 0.265618
1.458 7.23955 0.266095
1.4608 7.24673 0.266575
1.4636 7.25391 0.267057
1.4664 7.26109 0.267543
1.4692 7.26828 0.268032
1.472 7.27547 0.268524
1.4748 7.28267 0.269019
1.4776 7.28987 0.269517
1.4804 7.29708 0.270018
1.4832 7.30429 0.270522
1.486 7.31151 0.271029
1.4888 7.31873 0.271538
1.4916 7.32596 0.272051
1.4944 7.33319 0.272566
1.4972 7.34043 0.273085
1.50001 7.34767 0.273606
1.50281 7.35491 0.27413
1.50561 7.36216 0.274657
1.50841 7.36942 0.275187
1.51121 7.37667 0.27572
1.51401 7.38394 0.276255
1.51681 7.39121 0.276793
1.51961 7.39848 0.277334
1.52241 7.40575 0.277878
1.52521 7.41303 0.278425
1.52801 7.42032 0.278974
1.53081 7.42761 0.279526
1.53361 7.4349 0.280081
1.53641 7.4422 0.280639
1.53921 7.4495 0.281199
1.54201 7.45681 0.281762
1.54481 7.46412 0.282327
1.54761 7.47143 0.282895
1.55041 7.47875 0.283466
1.55321 7.48607 0.28404
1.55601 7.4934 0.284616
1.55881 7.50073 0.285195
1.56161 7.50807 0.285776
1.56441 7.51541 0.28636
1.56721 7.52275 0.286946
1.57001 7.5301 0.287535
1.57281 7.53745 0.288127
1.57561 7.5448 0.288721
1.57841 7.55216 0.289318
1.58121 7.55953 0.289917
1.58401 7.56689 0.290519
1.58681 7.57426 0.291123
1.58961 7.58164 0.291729
1.59241 7.58902 0.292338
1.59521 7.5964 0.29295
1.59801 7.60378 0.293564
1.60081 7.61117 0.29418
1.60361 7.61857 0.294799
1.60641 7.62596 0.29542
1.60921 7.63337 0.296044
1.61201 7.64077 0.29667
1.61481 7.64818 0.297298
1.61761 7.65559 0.297928
1.62041 7.66301 0.298561
1.62321 7.67043 0.299197
1.62601 7.67785 0.299834
1.62881 7.68528 0.300474
1.63161 7.69271 0.301116
1.63441 7.70014 0.301761
1.63721 7.70758 0.302407
1.64001 7.71502 0.303056
1.64281 7.72246 0.303707
1.64561 7.72991 0.304361
1.64841 7.73736 0.305017
1.65121 7.74481 0.305674
1.65401 7.75227 0.306334
1.65681 7.75973 0.306997
1.65961 7.7672 0.307661
1.66241 7.77466 0.308327
1.66521 7.78214 0.308996
1.66801 7.78961 0.309667
1.67081 7.79709 0.31034
1.67361 7.80457 0.311015
1.67641 7.81205 0.311692
1.67921 7.81954 0.312371
1.68201 7.82703 0.313052
1.68481 7.83453 0.313736
1.68761 7.84202 0.314421
1.69041 7.84953 0.315108
1.69321 7.85703 0.315798
1.69601 7.86454 0.316489
1.69881 7.87205 0.317183
1.70161 7.87956 0.317878
1.70441 7.88708 0.318576
1.70721 7.8946 0.319275
1.71001 7.90212 0.319977
1.71281 7.90964 0.32068
1.71561 7.91717 0.321385
1.71841 7.92471 0.322092
1.72121 7.93224 0.322801
1.72401 7.93978 0.323513
1.72681 7.94732 0.324225
1.72961 7.95486 0.32494
1.73241 7.96241 0.325657
1.73521 7.96996 0.326376
1.73801 7.97751 0.327096
1.74081 7.98507 0.327818
1.74361 7.99263 0.328542
1.74641 8.00019 0.329268
1.74921 8.00775 0.329996
1.75201 8.01532 0.330726
1.75481 8.02289 0.331457
1.75761 8.03046 0.33219
1.76041 8.03804 0.332925
1.76321 8.04562 0.333662
1.76601 8.0532 0.3344
1.76881 8.06078 0.33514
1.77161 8.06837 0.335882
1.77441 8.07596 0.336626
1.77721 8.08355 0.337371
1.78001 8.09115 0.338118
1.78281 8.09875 0.338867
1.78561 8.10635 0.339617
1.78841 8.11395 0.340369
1.79121 8.12156 0.341123
1.79401 8.12916 0.341878
1.79681 8.13678 0.342635
1.79961 8.14439 0.343394
1.80241 8.15201 0.344154
1.80521 8.15963 0.344916
1.80801 8.16725 0.34568
1.81081 8.17487 0.346445
1.81361 8.1825 0.347212
1.81641 8.19013 0.34798
1.81921 8.19776 0.34875
1.82201 8.2054 0.349522
1.82481 8.21303 0.350295
1.82761 8.22067 0.351069
1.83041 8.22832 0.351845
1.83321 8.23596 0.352623
1.83601 8.24361 0.353402
1.83881 8.25126 0.354183
1.84161 8.25891 0.354965
1.84441 8.26657 0.355749
1.84721 8.27422 0.356534
1.85001 8.28188 0.35732
1.85281 8.28955 0.358108
1.85561 8.29721 0.358898
1.85841 8.30488 0.359689
1.86121 8.31255 0.360482
1.86401 8.32022 0.361275
1.86681 8.32789 0.362071
1.86961 8.33557 0.362868
1.87241 8.34325 0.363666
1.87521 8.35093 0.364465
1.87801 8.35861 0.365266
1.88081 8.3663 0.366069
1.88361 8.37399 0.366872
1.88641 8.38168 0.367677
1.88921 8.38937 0.368484
1.89201 8.39707 0.369292
1.89481 8.40476 0.370101
1.89761 8.41246 0.370911
1.90041 8.42017 0.371723
1.90321 8.42787 0.372537
1.90601 8.43558 0.373351
1.90881 8.44328 0.374167
1.91161 8.451 0.374984
1.91441 8.45871 0.375802
1.91721 8.46642 0.376622
1.92001 8.47414 0.377443
1.92281 8.48186 0.378265
1.92561 8.48958 0.379089
1.92841 8.49731 0.379914
1.93121 8.50503 0.38074
1.93401 8.51276 0.381567
1.93681 8.52049 0.382395
1.93961 8.52822 0.383225
1.94241 8.53596 0.384056
1.94521 8.54369 0.384888
1.94801 8.55143 0.385722
1.95081 8.55917 0.386556
1.95361 8.56692 0.387392
1.95641 8.57466 0.388229
1.95921 8.58241 0.389067
1.96201 8.59016 0.389907
1.96481 8.59791 0.390747
1.96761 8.60566 0.391589
1.97041 8.61342 0.392432
1.97321 8.62117 0.393276
1.97601 8.62893 0.394121
1.97881 8.63669 0.394967
1.98161 8.64446 0.395815
1.98441 8.65222 0.396663
1.98721 8.65999 0.397513
1.99001 8.66776 0.398364
1.99281 8.67553 0.399216
1.99561 8.6833 0.400069
1.99841 8.69108 0.400923
2.00121 8.69885 0.401778
2.00401 8.70663 0.402634
2.00681 8.71441 0.403492
2.00961 8.7222 0.40435
2.01241 8.72998 0.405209
2.01521 8.73777 0.40607
2.01801 8.74555 0.406932
2.02081 8.75334 0.407794
2.02361 8.76114 0.408658
2.02641 8.76893 0.409523
2.02921 8.77673 0.410388
2.03201 8.78452 0.411255
2.03481 8.79232 0.412123
2.03761 8.80012 0.412992
2.04041 8.80793 0.413861
2.04321 8.81573 0.414732
2.04601 8.82354 0.415604
2.04881 8.83135 0.416477
2.05161 8.83916 0.417351
2.05441 8.84697 0.418225
2.05721 8.85478 0.419101
2.06001 8.8626 0.419978
2.06281 8.87041 0.420855
2.06561 8.87823 0.421734
2.06841 8.88605 0.422614
2.07121 8.89388 0.423494
2.07401 8.9017 0.424376
2.07681 8.90953 0.425258
2.07961 8.91735 0.426141
2.08241 8.92518 0.427026
2.08521 8.93301 0.427911
2.08801 8.94085 0.428797
2.09081 8.94868 0.429684
2.09361 8.95652 0.430572
2.09641 8.96436 0.431461
2.09921 8.97219 0.43235
2.10201 8.98004 0.433241
2.10481 8.98788 0.434132
2.10761 8.99572 0.435025
2.11041 9.00357 0.435918
2.11321 9.01142 0.436812
2.11601 9.01927 0.437707
2.11881 9.02712 0.438603
2.12161 9.03497 0.4395
2.12441 9.04282 0.440397
2.12721 9.05068 0.441296
2.13001 9.05854 0.442195
2.13281 9.0664 0.443095
2.13561 9.07426 0.443996
2.13841 9.08212 0.444898
2.14121 9.08998 0.445801
2.14401 9.09785 0.446704
2.14681 9.10571 0.447608
2.14961 9.11358 0.448513
2.15241 9.12145 0.449419
2.15521 9.12932 0.450326
2.15801 9.1372 0.451234
2.16081 9.14507 0.452142
2.16361 9.15295 0.453051
2.16641 9.16083 0.453961
2.16921 9.1687 0.454871
2.17201 9.17659 0.455783
2.17481 9.18447 0.456695
2.17761 9.19235 0.457608
2.18041 9.20024 0.458522
2.18321 9.20812 0.459436
2.18601 9.21601 0.460352
2.18881 9.2239 0.461268
2.19161 9.23179 0.462185
2.19441 9.23968 0.463102
2.19721 9.24758 0.46402
2.20001 9.25547 0.464939
2.20281 9.26337 0.465859
2.20561 9.27127 0.46678
2.20841 9.27917 0.467701
2.21121 9.28707 0.468623
2.21401 9.29497 0.469546
2.21681 9.30288 0.470469
2.21961 9.31078 0.471393
2.22241 9.31869 0.472318
2.22521 9.3266 0.473244
2.22801 9.33451 0.47417
2.23081 9.34242 0.475097
2.23361 9.35033 0.476024
2.23641 9.35824 0.476953
2.23921 9.36616 0.477882
2.24201 9.37407 0.478811
2.24481 9.38199 0.479742
2.24761 9.38991 0.480673
2.25041 9.39783 0.481605
2.25321 9.40575 0.482537
2.25601 9.41368 0.48347
2.25881 9.4216 0.484404
2.26161 9.42953 0.485338
2.26441 9.43745 0.486273
2.26721 9.44538 0.487209
2.27001 9.45331 0.488145
2.27281 9.46124 0.489082
2.27561 9.46918 0.49002
2.27841 9.47711 0.490958
2.28121 9.48505 0.491897
2.28401 9.49298 0.492837
2.28681 9.50092 0.493777
2.28961 9.50886 0.494718
2.29241 9.5168 0.49566
2.29521 9.52474 0.496602
2.29801 9.53268 0.497544
2.30081 9.54063 0.498488
2.30361 9.54857 0.499432
2.30641 9.55652 0.500376
2.30921 9.56447 0.501321
2.31201 9.57242 0.502267
2.31481 9.58037 0.503213
2.31761 9.58832 0.50416
2.32041 9.59627 0.505108
2.32321 9.60423 0.506056
2.32601 9.61218 0.507005
2.32881 9.62014 0.507954
2.33161 9.62809 0.508904
2.33441 9.63605 0.509855
2.33721 9.64401 0.510806
2.34001 9.65198 0.511757
2.34281 9.65994 0.51271
2.34561 9.6679 0.513662
2.34841 9.67587 0.514616
2.35121 9.68383 0.51557
2.35401 9.6918 0.516524
2.35681 9.69977 0.517479
2.35961 9.70774 0.518435
2.36241 9.71571 0.519391
2.36521 9.72368 0.520348
2.36801 9.73165 0.521305
2.37081 9.73963 0.522263
2.37361 9.7476 0.523221
2.37641 9.75558 0.52418
2.37921 9.76356 0.525139
2.38201 9.77154 0.526099
2.38481 9.77952 0.52706
2.38761 9.7875 0.528021
2.39041 9.79548 0.528982
2.39321 9.80346 0.529944
2.39601 9.81145 0.530907
2.39881 9.81943 0.53187
2.40161 9.82742 0.532834
2.40441 9.83541 0.533798
2.40721 9.8434 0.534762
2.41001 9.85139 0.535727
2.41281 9.85938 0.536693
2.41561 9.86737 0.537659
2.41841 9.87537 0.538626
2.42121 9.88336 0.539593
2.42401 9.89136 0.540561
2.42681 9.89935 0.541529
2.42961 9.90735 0.542498
2.43241 9.91535 0.543467
2.43521 9.92335 0.544436
2.43801 9.93135 0.545406
2.44081 9.93935 0.546377
2.44361 9.94736 0.547348
2.44641 9.95536 0.54832
2.44921 9.96336 0.549292
2.45201 9.97137 0.550264
2.45481 9.97938 0.551237
2.45761 9.98739 0.552211
2.46041 9.9954 0.553185
2.46321 10.0034 0.554159
2.46601 10.0114 0.555134
2.46881 10.0194 0.556109
2.47161 10.0274 0.557085
2.47441 10.0355 0.558061
2.47721 10.0435 0.559038
2.48001 10.0515 0.560015
2.48281 10.0595 0.560993
2.48561 10.0675 0.561971
2.48841 10.0755 0.562949
2.49121 10.0836 0.563928
2.49401 10.0916 0.564907
2.49681 10.0996 0.565887
2.49961 10.1076 0.566867
2.50241 10.1157 0.567848
2.50521 10.1237 0.568829
2.50801 10.1317 0.569811
2.51081 10.1397 0.570793
2.51361 10.1478 0.571775
2.51641 10.1558 0.572758
2.51921 10.1638 0.573741
2.52201 10.1719 0.574725
2.52481 10.1799 0.575709
2.52761 10.1879 0.576694
2.53041 10.196 0.577679
2.53321 10.204 0.578664
2.53601 10.212 0.57965
2.53881 10.2201 0.580636
2.54161 10.2281 0.581622
2.54441 10.2361 0.582609
2.54721 10.2442 0.583597
2.55001 10.2522 0.584585
2.55281 10.2603 0.585573
2.55561 10.2683 0.586562
2.55841 10.2763 0.587551
2.56121 10.2844 0.58854
2.56401 10.2924 0.58953
2.56681 10.3005 0.59052
2.56961 10.3085 0.591511
2.57241 10.3166 0.592502
2.57521 10.3246 0.593493
2.57801 10.3327 0.594485
2.58081 10.3407 0.595477
2.58361 10.3488 0.596469
2.58641 10.3568 0.597462
2.58921 10.3649 0.598456
2.59201 10.3729 0.599449
2.59481 10.381 0.600443
2.59761 10.3891 0.601438
2.60041 10.3971 0.602432
2.60321 10.4052 0.603428
2.60601 10.4132 0.604423
2.60881 10.4213 0.605419
2.61161 10.4293 0.606415
2.61441 10.4374 0.607412
2.61721 10.4455 0.608409
2.62001 10.4535 0.609406
2.62281 10.4616 0.610404
2.62561 10.4697 0.611402
2.62841 10.4777 0.6124
2.63121 10.4858 0.613399
2.63401 10.4939 0.614398
2.63681 10.5019 0.615398
2.63961 10.51 0.616398
2.64241 10.5181 0.617398
2.64521 10.5261 0.618399
2.64801 10.5342 0.619399
2.65081 10.5423 0.620401
2.65361 10.5504 0.621402
2.65641 10.5584 0.622404
2.65921 10.5665 0.623406
2.66201 10.5746 0.624409
2.66481 10.5827 0.625412
2.66761 10.5907 0.626415
2.67041 10.5988 0.627419
2.67321 10.6069 0.628423
2.67601 10.615 0.629427
2.67881 10.6231 0.630432
2.68161 10.6311 0.631437
2.68441 10.6392 0.632442
2.68721 10.6473 0.633447
2.69001 10.6554 0.634453
2.69281 10.6635 0.63546
2.69561 10.6716 0.636466
2.69841 10.6796 0.637473
2.70121 10.6877 0.63848
2.70401 10.6958 0.639488
2.70681 10.7039 0.640496
2.70961 10.712 0.641504
2.71241 10.7201 0.642512
2.71521 10.7282 0.643521
2.71801 10.7363 0.64453
2.72081 10.7444 0.64554
2.72361 10.7524 0.646549
2.72641 10.7605 0.647559
2.72921 10.7686 0.64857
2.73201 10.7767 0.64958
2.73481 10.7848 0.650591
2.73761 10.7929 0.651603
2.74041 10.801 0.652614
2.74321 10.8091 0.653626
2.74601 10.8172 0.654638
2.74881 10.8253 0.655651
2.75161 10.8334 0.656663
2.75441 10.8415 0.657676
2.75721 10.8496 0.65869
2.76001 10.8577 0.659703
2.76281 10.8658 0.660717
2.76561 10.8739 0.661731
2.76841 10.882 0.662746
2.77121 10.8901 0.663761
2.77401 10.8982 0.664776
2.77681 10.9064 0.665791
2.77961 10.9145 0.666807
2.78241 10.9226 0.667823
2.78521 10.9307 0.668839
2.78801 10.9388 0.669855
2.79081 10.9469 0.670872
2.79361 10.955 0.671889
2.79641 10.9631 0.672907
2.79921 10.9712 0.673924
2.80201 10.9793 0.674942
2.80481 10.9875 0.67596
2.80761 10.9956 0.676979
2.81041 11.0037 0.677997
2.81321 11.0118 0.679016
2.81601 11.0199 0.680036
2.81881 11.028 0.681055
2.82161 11.0362 0.682075
2.82441 11.0443 0.683095
2.82721 11.0524 0.684115
2.83001 11.0605 0.685136
2.83281 11.0686 0.686157
2.83561 11.0768 0.687178
2.83841 11.0849 0.688199
2.84121 11.093 0.689221
2.84401 11.1011 0.690243
2.84681 11.1093 0.691265
2.84961 11.1174 0.692287
2.85241 11.1255 0.69331
2.85521 11.1336 0.694333
2.85801 11.1418 0.695356
2.86081 11.1499 0.69638
2.86361 11.158 0.697403
2.86641 11.1661 0.698427
2.86921 11.1743 0.699451
2.87201 11.1824 0.700476
2.87481 11.1905 0.701501
2.87761 11.1987 0.702525
2.88041 11.2068 0.703551
2.88321 11.2149 0.704576
2.88601 11.2231 0.705602
2.88881 11.2312 0.706628
2.89161 11.2393 0.707654
2.89441 11.2475 0.70868
2.89721 11.2556 0.709707
