0,0
0,0
0,0
0,0
0,0
0,0
0,0
0,0
0.00788905,6.03166e-05
0.0147984,7.66235e-05
0.016716,6.1404e-05
0.0176763,5.37978e-05
0.0195982,3.85894e-05
0.0234484,8.18828e-06
0.0311764,-5.2544e-05
0.0467716,-0.000173652
0.0467716,-0.000173652
0.064164,-5.75423e-05
0.064164,-5.75423e-05
0.0634645,8.21774e-05
0.0637551,0.000361684
0.0675612,0.000920443
0.0763228,0.00203779
0.0763228,0.00203779
0.0824026,0.0031555
0.0964126,0.0053907
0.0964126,0.0053907
0.104689,0.00762647
0.104689,0.00762647
0.114526,0.00986211
0.126417,0.0120975
0.12819,0.0132156
0.12819,0.0132156
0.132503,0.0143334
0.138249,0.0154512
0.138249,0.0154512
0.142019,0.0165691
0.149229,0.0188049
0.149229,0.0188049
0.149229,0.0188049
0.151748,0.0196231
0.156936,0.0212162
0.167154,0.0244486
0.167154,0.0244486
0.176383,0.0279426
0.176383,0.0279426
0.185806,0.0313889
0.185806,0.0313889
0.194949,0.0349034
0.194949,0.0349034
0.203829,0.0384792
0.203829,0.0384792
0.212467,0.0421088
0.212467,0.0421088
0.220879,0.0457867
0.220879,0.0457867
0.229079,0.049508
0.229079,0.049508
0.23708,0.0532688
0.23708,0.0532688
0.244895,0.0570654
0.244895,0.0570654
0.252533,0.0608945
0.252533,0.0608945
0.260006,0.0647535
0.260006,0.0647535
0.267322,0.0686398
0.267322,0.0686398
0.27449,0.0725513
0.27449,0.0725513
0.281517,0.076486
0.281517,0.076486
0.288412,0.0804422
0.288412,0.0804422
0.295179,0.0844183
0.295179,0.0844183
0.301827,0.088413
0.301827,0.088413
0.30836,0.0924249
0.30836,0.0924249
0.314784,0.096453
0.314784,0.096453
0.321103,0.100496
0.321103,0.100496
0.327322,0.104553
0.327322,0.104553
0.333446,0.108624
0.333446,0.108624
0.339478,0.112707
0.339478,0.112707
0.345422,0.116802
0.345422,0.116802
0.351282,0.120908
0.351282,0.120908
0.357061,0.125024
0.357061,0.125024
0.362761,0.129151
0.362761,0.129151
0.368387,0.133286
0.368387,0.133286
0.37394,0.137431
0.37394,0.137431
0.379424,0.141584
0.379424,0.141584
0.38484,0.145746
0.38484,0.145746
0.390191,0.149915
0.390191,0.149915
0.395479,0.154091
0.395479,0.154091
0.400706,0.158274
0.400706,0.158274
0.405875,0.162464
0.405875,0.162464
0.410986,0.166661
0.410986,0.166661
0.416042,0.170863
0.416042,0.170863
0.421045,0.175072
0.421045,0.175072
0.425996,0.179286
0.425996,0.179286
0.430896,0.183505
0.430896,0.183505
0.435747,0.18773
0.435747,0.18773
0.44055,0.191959
0.44055,0.191959
0.445307,0.196194
0.445307,0.196194
0.450019,0.200433
0.450019,0.200433
0.454688,0.204676
0.454688,0.204676
0.459313,0.208924
0.459313,0.208924
0.463897,0.213176
0.463897,0.213176
0.46844,0.217431
0.46844,0.217431
0.472944,0.221691
0.472944,0.221691
0.477409,0.225954
0.477409,0.225954
0.481836,0.230221
0.481836,0.230221
0.486227,0.234492
0.486227,0.234492
0.490582,0.238765
0.490582,0.238765
0.492811,0.240897
0.497117,0.245176
0.497117,0.245176
0.501346,0.249461
0.501346,0.249461
0.503472,0.251603
0.503472,0.251603
0.504597,0.252668
0.504597,0.252668
0.504597,0.252668
0.505002,0.253046
0.50578,0.25384
0.507341,0.25542
0.510454,0.25859
0.516663,0.264949
0.516663,0.264949
0.522764,0.271413
0.522764,0.271413
0.528877,0.277866
0.528877,0.277866
0.534953,0.284354
0.534953,0.284354
0.540993,0.290877
0.540993,0.290877
0.546998,0.297434
0.546998,0.297434
0.552967,0.304024
0.552967,0.304024
0.558901,0.310646
0.558901,0.310646
0.564801,0.317299
0.564801,0.317299
0.570667,0.323983
0.570667,0.323983
0.576499,0.330697
0.576499,0.330697
0.582299,0.337441
0.582299,0.337441
0.588065,0.344213
0.588065,0.344213
0.5938,0.351013
0.5938,0.351013
0.599502,0.357841
0.599502,0.357841
0.605173,0.364696
0.605173,0.364696
0.610813,0.371576
0.610813,0.371576
0.616423,0.378483
0.616423,0.378483
0.622002,0.385414
0.622002,0.385414
0.627551,0.392371
0.627551,0.392371
0.633071,0.399351
0.633071,0.399351
0.638561,0.406355
0.638561,0.406355
0.644023,0.413382
0.644023,0.413382
0.649456,0.420431
0.649456,0.420431
0.654861,0.427503
0.654861,0.427503
0.660239,0.434596
0.660239,0.434596
0.665589,0.441711
0.665589,0.441711
0.670912,0.448846
0.670912,0.448846
0.676208,0.456002
0.676208,0.456002
0.681478,0.463178
0.681478,0.463178
0.686721,0.470373
0.686721,0.470373
0.691939,0.477588
0.691939,0.477588
0.697132,0.484821
0.697132,0.484821
0.702299,0.492073
0.702299,0.492073
0.707442,0.499343
0.707442,0.499343
0.712559,0.506631
0.712559,0.506631
0.717653,0.513936
0.717653,0.513936
0.722723,0.521259
0.722723,0.521259
0.727768,0.528598
0.727768,0.528598
0.732791,0.535954
0.732791,0.535954
0.73779,0.543325
0.73779,0.543325
0.742767,0.550713
0.742767,0.550713
0.74772,0.558116
0.74772,0.558116
0.752652,0.565535
0.752652,0.565535
0.757561,0.572969
0.757561,0.572969
0.762448,0.580417
0.762448,0.580417
0.767314,0.58788
0.767314,0.58788
0.772159,0.595357
0.772159,0.595357
0.776982,0.602848
0.776982,0.602848
0.781784,0.610353
0.781784,0.610353
0.786566,0.617872
0.786566,0.617872
0.791327,0.625404
0.791327,0.625404
0.796068,0.632949
0.796068,0.632949
0.800789,0.640506
0.800789,0.640506
0.805491,0.648077
0.805491,0.648077
0.810173,0.65566
0.810173,0.65566
0.814835,0.663255
0.814835,0.663255
0.819478,0.670862
0.819478,0.670862
0.824103,0.678481
0.824103,0.678481
0.828708,0.686111
0.828708,0.686111
0.833295,0.693753
0.833295,0.693753
0.837864,0.701407
0.837864,0.701407
0.842414,0.709071
0.842414,0.709071
0.846947,0.716746
0.846947,0.716746
0.851462,0.724432
0.851462,0.724432
0.855959,0.732129
0.855959,0.732129
0.860439,0.739836
0.860439,0.739836
0.864902,0.747553
0.864902,0.747553
0.869347,0.755281
0.869347,0.755281
0.873776,0.763018
0.873776,0.763018
0.878188,0.770765
0.878188,0.770765
0.882583,0.778522
0.882583,0.778522
0.886962,0.786288
0.886962,0.786288
0.891325,0.794064
0.891325,0.794064
0.895671,0.801849
0.895671,0.801849
0.900002,0.809643
0.900002,0.809643
0.904317,0.817446
0.904317,0.817446
0.908617,0.825258
0.908617,0.825258
0.912901,0.833078
0.912901,0.833078
0.917169,0.840907
0.917169,0.840907
0.921423,0.848745
0.921423,0.848745
0.925662,0.856591
0.925662,0.856591
0.929885,0.864445
0.929885,0.864445
0.934094,0.872307
0.934094,0.872307
0.938289,0.880177
0.938289,0.880177
0.942468,0.888055
0.942468,0.888055
0.946634,0.895941
0.946634,0.895941
0.950785,0.903835
0.950785,0.903835
0.954923,0.911736
0.954923,0.911736
0.959046,0.919645
0.959046,0.919645
0.961115,0.923595
0.965221,0.931513
0.965221,0.931513
0.965221,0.931513
0.966856,0.934675
0.970123,0.941003
0.970123,0.941003
0.973375,0.947362
0.973375,0.947362
0.976628,0.953719
0.976628,0.953719
0.979875,0.960085
0.979875,0.960085
0.983117,0.966463
0.983117,0.966463
0.986354,0.97285
0.986354,0.97285
0.989585,0.979248
0.989585,0.979248
0.992811,0.985656
0.992811,0.985656
0.996031,0.992073
0.996031,0.992073
0.999249,0.998498
1,0.999997
1,1
1,1
Root found after 371 iterations.
Extremum found at (1,1).
