0 1
0.0628319 1
0.125664 1
0.188496 1
0.251327 1
0.314159 1
0.376991 1
0.439823 1
0.502655 1
0.565487 1
0.628319 1
0.69115 1
0.753982 1
0.816814 1
0.879646 1
0.942478 1
1.00531 1
1.06814 1
1.13097 1
1.19381 1
1.25664 1
1.31947 1
1.3823 1
1.44513 1
1.50796 1
1.5708 1
1.63363 1
1.69646 1
1.75929 1
1.82212 1
1.88496 1
1.94779 1
2.01062 1
2.07345 1
2.13628 1
2.19911 1
2.26195 1
2.32478 1
2.38761 1
2.45044 1
2.51327 1
2.57611 1
2.63894 1
2.70177 1
2.7646 1
2.82743 1
2.89027 1
2.9531 1
3.01593 1
3.07876 1
3.14159 1
3.20442 1
3.26726 1
3.33009 1
3.39292 1
3.45575 1
3.51858 1
3.58142 1
3.64425 1
3.70708 1
3.76991 1
3.83274 1
3.89557 1
3.95841 1
4.02124 1
4.08407 1
4.1469 1
4.20973 1
4.27257 1
4.3354 1
4.39823 1
4.46106 1
4.52389 1
4.58673 1
4.64956 1
4.71239 1
4.77522 1
4.83805 1
4.90088 1
4.96372 1
5.02655 1
5.08938 1
5.15221 1
5.21504 1
5.27788 1
5.34071 1
5.40354 1
5.46637 1
5.5292 1
5.59203 1
5.65487 1
5.7177 1
5.78053 1
5.84336 1
5.90619 1
5.96903 1
6.03186 1
6.09469 1
6.15752 1
6.22035 1
6.28319 1


0 1
0.0628319 0.968605
0.125664 0.937333
0.188496 0.906309
0.251327 0.875655
0.314159 0.845492
0.376991 0.815938
0.439823 0.78711
0.502655 0.759123
0.565487 0.732087
0.628319 0.706107
0.69115 0.681288
0.753982 0.657726
0.816814 0.635516
0.879646 0.614743
0.942478 0.595491
1.00531 0.577836
1.06814 0.561847
1.13097 0.547586
1.19381 0.535112
1.25664 0.524472
1.31947 0.515708
1.3823 0.508856
1.44513 0.503943
1.50796 0.500987
1.5708 0.5
1.63363 0.500987
1.69646 0.503943
1.75929 0.508856
1.82212 0.515708
1.88496 0.524472
1.94779 0.535112
2.01062 0.547586
2.07345 0.561847
2.13628 0.577836
2.19911 0.595491
2.26195 0.614743
2.32478 0.635516
2.38761 0.657726
2.45044 0.681288
2.51327 0.706107
2.57611 0.732087
2.63894 0.759123
2.70177 0.78711
2.7646 0.815938
2.82743 0.845491
2.89027 0.875655
2.9531 0.906309
3.01593 0.937333
3.07876 0.968605
3.14159 1
3.20442 1.0314
3.26726 1.06267
3.33009 1.09369
3.39292 1.12434
3.45575 1.15451
3.51858 1.18406
3.58142 1.21289
3.64425 1.24088
3.70708 1.26791
3.76991 1.29389
3.83274 1.31871
3.89557 1.34227
3.95841 1.36448
4.02124 1.38526
4.08407 1.40451
4.1469 1.42216
4.20973 1.43815
4.27257 1.45241
4.3354 1.46489
4.39823 1.47553
4.46106 1.48429
4.52389 1.49114
4.58673 1.49606
4.64956 1.49901
4.71239 1.5
4.77522 1.49901
4.83805 1.49606
4.90088 1.49114
4.96372 1.48429
5.02655 1.47553
5.08938 1.46489
5.15221 1.45241
5.21504 1.43815
5.27788 1.42216
5.34071 1.40451
5.40354 1.38526
5.46637 1.36448
5.5292 1.34227
5.59203 1.31871
5.65487 1.29389
5.7177 1.26791
5.78053 1.24088
5.84336 1.21289
5.90619 1.18406
5.96903 1.15451
6.03186 1.12434
6.09469 1.09369
6.15752 1.06267
6.22035 1.0314
6.28319 1


0 1
0.0628319 0.968624
0.125664 0.937409
0.188496 0.906476
0.251327 0.875944
0.314159 0.845932
0.376991 0.816556
0.439823 0.787931
0.502655 0.760167
0.565487 0.733372
0.628319 0.707651
0.69115 0.683104
0.753982 0.659825
0.816814 0.637906
0.879646 0.617433
0.942478 0.598484
1.00531 0.581134
1.06814 0.56545
1.13097 0.551494
1.19381 0.53932
1.25664 0.528976
1.31947 0.520501
1.3823 0.51393
1.44513 0.509287
1.50796 0.506591
1.5708 0.505853
1.63363 0.507075
1.69646 0.510252
1.75929 0.515372
1.82212 0.522416
1.88496 0.531355
1.94779 0.542155
2.01062 0.554773
2.07345 0.569161
2.13628 0.585262
2.19911 0.603013
2.26195 0.622345
2.32478 0.643183
2.38761 0.665445
2.45044 0.689045
2.51327 0.713891
2.57611 0.739887
2.63894 0.76693
2.70177 0.794917
2.7646 0.823738
2.82743 0.853281
2.89027 0.883432
2.9531 0.914074
3.01593 0.945088
3.07876 0.976354
3.14159 1.00775
3.20442 1.03916
3.26726 1.07045
3.33009 1.10151
3.39292 1.13222
3.45575 1.16246
3.51858 1.19211
3.58142 1.22106
3.64425 1.24919
3.70708 1.27641
3.76991 1.30259
3.83274 1.32765
3.89557 1.35148
3.95841 1.374
4.02124 1.39512
4.08407 1.41476
4.1469 1.43284
4.20973 1.44929
4.27257 1.46405
4.3354 1.47706
4.39823 1.48828
4.46106 1.49766
4.52389 1.50516
4.58673 1.51076
4.64956 1.51443
4.71239 1.51616
4.77522 1.51595
4.83805 1.51379
4.90088 1.50969
4.96372 1.50367
5.02655 1.49576
5.08938 1.48597
5.15221 1.47435
5.21504 1.46095
5.27788 1.44581
5.34071 1.429
5.40354 1.41057
5.46637 1.39061
5.5292 1.36917
5.59203 1.34636
5.65487 1.32224
5.7177 1.29693
5.78053 1.27051
5.84336 1.24308
5.90619 1.21476
5.96903 1.18565
6.03186 1.15586
6.09469 1.12551
6.15752 1.09471
6.22035 1.06359
6.28319 1.03226
6.34602 1.00084
6.40885 0.969466
6.47168 0.938245
6.53451 0.907303
6.59734 0.876759
6.66018 0.846731
6.72301 0.817337
6.78584 0.78869
6.84867 0.760901
6.9115 0.734079
6.97434 0.708328
7.03717 0.683748
7.1 0.660434
7.16283 0.638477
7.22566 0.617964
7.28849 0.598973
7.35133 0.581579
7.41416 0.56585
7.47699 0.551846
7.53982 0.539624
7.60265 0.529229
7.66549 0.520704
7.72832 0.514081
7.79115 0.509386
7.85398 0.506638
7.91681 0.505847
7.97965 0.507016
8.04248 0.510141
8.10531 0.515209
8.16814 0.522202
8.23097 0.53109
8.2938 0.54184
8.35664 0.55441
8.41947 0.568751
8.4823 0.584807
8.54513 0.602514
8.60796 0.621805
8.6708 0.642603
8.73363 0.664828
8.79646 0.688394
8.85929 0.713207
8.92212 0.739173
8.98495 0.76619
9.04779 0.794153
9.11062 0.822953
9.17345 0.852478
9.23628 0.882614
9.29911 0.913244
9.36195 0.94425
9.42478 0.975511
9.48761 1.00691
9.55044 1.03831
9.61327 1.06961
9.67611 1.10068
9.73894 1.1314
9.80177 1.16165
9.8646 1.19132
9.92743 1.22029
9.99026 1.24845
10.0531 1.27569
10.1159 1.3019
10.1788 1.32699
10.2416 1.35086
10.3044 1.37342
10.3673 1.39457
10.4301 1.41425
10.4929 1.43237
10.5558 1.44887
10.6186 1.46367
10.6814 1.47674
10.7442 1.488
10.8071 1.49743
10.8699 1.50498
10.9327 1.51063
10.9956 1.51436
11.0584 1.51614
11.1212 1.51598
11.1841 1.51387
11.2469 1.50983
11.3097 1.50386
11.3726 1.49599
11.4354 1.48626
11.4982 1.47469
11.5611 1.46134
11.6239 1.44624
11.6867 1.42947
11.7496 1.41109
11.8124 1.39116
11.8752 1.36977
11.9381 1.34699
12.0009 1.32291
12.0637 1.29762
12.1265 1.27123
12.1894 1.24383
12.2522 1.21553
12.315 1.18644
12.3779 1.15667
12.4407 1.12633
12.5035 1.09555
12.5664 1.06443
12.6292 1.0331
12.692 1.00169
12.7549 0.970309
12.8177 0.939082
12.8805 0.90813
12.9434 0.877574
13.0062 0.847531
13.069 0.818118
13.1319 0.78945
13.1947 0.761637
13.2575 0.734787
13.3204 0.709006
13.3832 0.684393
13.446 0.661043
13.5088 0.639049
13.5717 0.618496
13.6345 0.599463
13.6973 0.582025
13.7602 0.56625
13.823 0.5522
13.8858 0.539929
13.9487 0.529485
14.0115 0.520909
14.0743 0.514234
14.1372 0.509487
14.2 0.506686
14.2628 0.505843
14.3257 0.506959
14.3885 0.510031
14.4513 0.515048
14.5142 0.521989
14.577 0.530827
14.6398 0.541527
14.7027 0.554049
14.7655 0.568343
14.8283 0.584353
14.8911 0.602017
14.954 0.621266
15.0168 0.642025
15.0796 0.664212
15.1425 0.687743
15.2053 0.712525
15.2681 0.738461
15.331 0.76545
15.3938 0.793389
15.4566 0.822168
15.5195 0.851675
15.5823 0.881797
15.6451 0.912415
15.708 0.943412
15.7708 0.974668
15.8336 1.00606
15.8965 1.03747
15.9593 1.06877
16.0221 1.09985
16.085 1.13058
16.1478 1.16085
16.2106 1.19053
16.2734 1.21952
16.3363 1.2477
16.3991 1.27497
16.4619 1.30121
16.5248 1.32633
16.5876 1.35024
16.6504 1.37283
16.7133 1.39402
16.7761 1.41374
16.8389 1.43191
16.9018 1.44845
16.9646 1.4633
17.0274 1.47641
17.0903 1.48772
17.1531 1.4972
17.2159 1.5048
17.2788 1.5105
17.3416 1.51428
17.4044 1.51612
17.4673 1.51601
17.5301 1.51395
17.5929 1.50996
17.6558 1.50404
17.7186 1.49623
17.7814 1.48654
17.8442 1.47503
17.9071 1.46172
17.9699 1.44667
18.0327 1.42995
18.0956 1.41161
18.1584 1.39172
18.2212 1.37036
18.2841 1.34762
18.3469 1.32357
18.4097 1.29832
18.4726 1.27196
18.5354 1.24458
18.5982 1.21631
18.6611 1.18723
18.7239 1.15748
18.7867 1.12715
18.8496 1.09638
18.9124 1.06527
18.9752 1.03395
19.0381 1.00253
19.1009 0.971151
19.1637 0.939919
19.2265 0.908958
19.2894 0.878389
19.3522 0.848331
19.415 0.8189
19.4779 0.79021
19.5407 0.762372
19.6035 0.735496
19.6664 0.709684
19.7292 0.685038
19.792 0.661654
19.8549 0.639622
19.9177 0.619029
19.9805 0.599954
20.0434 0.582473
20.1062 0.566652
20.169 0.552555
20.2319 0.540235
20.2947 0.529741
20.3575 0.521115
20.4204 0.514389
20.4832 0.509589
20.546 0.506736
20.6088 0.50584
20.6717 0.506903
20.7345 0.509923
20.7973 0.514888
20.8602 0.521777
20.923 0.530564
20.9858 0.541215
21.0487 0.553689
21.1115 0.567936
21.1743 0.5839
21.2372 0.601521
21.3 0.620728
21.3628 0.641447
21.4257 0.663598
21.4885 0.687093
21.5513 0.711842
21.6142 0.737749
21.677 0.764712
21.7398 0.792626
21.8027 0.821384
21.8655 0.850873
21.9283 0.88098
21.9911 0.911586
22.054 0.942575
22.1168 0.973825
22.1796 1.00522
22.2425 1.03663
22.3053 1.06793
22.3681 1.09902
22.431 1.12976
22.4938 1.16004
22.5566 1.18974
22.6195 1.21875
22.6823 1.24696
22.7451 1.27425
22.808 1.30052
22.8708 1.32567
22.9336 1.34961
22.9965 1.37224
23.0593 1.39347
23.1221 1.41323
23.185 1.43144
23.2478 1.44802
23.3106 1.46292
23.3734 1.47608
23.4363 1.48744
23.4991 1.49697
23.5619 1.50462
23.6248 1.51038
23.6876 1.5142
23.7504 1.51609
23.8133 1.51604
23.8761 1.51403
23.9389 1.51009
24.0018 1.50423
24.0646 1.49646
24.1274 1.48683
24.1903 1.47536
24.2531 1.4621
24.3159 1.4471
24.3788 1.43042
24.4416 1.41212
24.5044 1.39227
24.5673 1.37095
24.6301 1.34825
24.6929 1.32423
24.7558 1.29901
24.8186 1.27268
24.8814 1.24533
24.9442 1.21708
25.0071 1.18803
25.0699 1.15829
25.1327 1.12798
25.1956 1.09721
25.2584 1.06611
25.3212 1.03479
25.3841 1.00338
25.4469 0.971994
25.5097 0.940756
25.5726 0.909786
25.6354 0.879205
25.6982 0.849132
25.7611 0.819682
25.8239 0.790971
25.8867 0.763109
25.9496 0.736205
26.0124 0.710364
26.0752 0.685685
26.1381 0.662266
26.2009 0.640196
26.2637 0.619563
26.3265 0.600447
26.3894 0.582921
26.4522 0.567055
26.515 0.552911
26.5779 0.540542
26.6407 0.529999
26.7035 0.521322
26.7664 0.514544
26.8292 0.509693
26.892 0.506787
26.9549 0.505838
27.0177 0.506849
27.0805 0.509816
27.1434 0.514729
27.2062 0.521567
27.269 0.530303
27.3319 0.540905
27.3947 0.55333
27.4575 0.56753
27.5204 0.583449
27.5832 0.601026
27.646 0.620191
27.7088 0.640871
27.7717 0.662984
27.8345 0.686445
27.8973 0.711161
27.9602 0.737038
28.023 0.763974
28.0858 0.791864
28.1487 0.8206
28.2115 0.850071
28.2743 0.880163
28.3372 0.910758
28.4 0.941737
28.4628 0.972982
28.5257 1.00437
28.5885 1.03578
28.6513 1.06709
28.7142 1.09819
28.777 1.12894
28.8398 1.15923
28.9027 1.18895
28.9655 1.21798
29.0283 1.24621
29.0911 1.27353
29.154 1.29983
29.2168 1.32501
29.2796 1.34898
29.3425 1.37165
29.4053 1.39292
29.4681 1.41272
29.531 1.43097
29.5938 1.4476
29.6566 1.46254
29.7195 1.47575
29.7823 1.48716
29.8451 1.49674
29.908 1.50444
29.9708 1.51025
30.0336 1.51413
30.0965 1.51607
30.1593 1.51606
30.2221 1.51411
30.285 1.51022
30.3478 1.50441
30.4106 1.4967
30.4734 1.48711
30.5363 1.47569
30.5991 1.46248
30.6619 1.44753
30.7248 1.43089
30.7876 1.41263
30.8504 1.39283
30.9133 1.37155
30.9761 1.34887
31.0389 1.3249
31.1018 1.29971
31.1646 1.2734
31.2274 1.24608
31.2903 1.21785
31.3531 1.18882
31.4159 1.15909
31.4788 1.1288
31.5416 1.09804
31.6044 1.06695
31.6673 1.03564
31.7301 1.00422
31.7929 0.972837
31.8557 0.941593
31.9186 0.910615
31.9814 0.880022
32.0442 0.849933
32.1071 0.820465
32.1699 0.791732
32.2327 0.763846
32.2956 0.736915
32.3584 0.711044
32.4212 0.686333
32.4841 0.662878
32.5469 0.640771
32.6097 0.620099
32.6726 0.60094
32.7354 0.583371
32.7982 0.56746
32.8611 0.553268
32.9239 0.540851
32.9867 0.530258
33.0496 0.52153
33.1124 0.514701
33.1752 0.509798
33.2381 0.50684
33.3009 0.505838
33.3637 0.506796
33.4265 0.509711
33.4894 0.514571
33.5522 0.521358
33.615 0.530044
33.6779 0.540596
33.7407 0.552972
33.8035 0.567125
33.8664 0.582999
33.9292 0.600532
33.992 0.619656
34.0549 0.640295
34.1177 0.662371
34.1805 0.685797
34.2434 0.710481
34.3062 0.736327
34.369 0.763236
34.4319 0.791102
34.4947 0.819817
34.5575 0.84927
34.6204 0.879346
34.6832 0.909929
34.746 0.9409
34.8088 0.972139
34.8717 1.00353
34.9345 1.03494
34.9973 1.06625
35.0602 1.09735
35.123 1.12812
35.1858 1.15843
35.2487 1.18816
35.3115 1.21721
35.3743 1.24546
35.4372 1.2728
35.5 1.29913
35.5628 1.32435
35.6257 1.34835
35.6885 1.37106
35.7513 1.39237
35.8142 1.41221
35.877 1.4305
35.9398 1.44717
36.0027 1.46216
36.0655 1.47542
36.1283 1.48688
36.1911 1.4965
36.254 1.50426
36.3168 1.51012
36.3796 1.51405
36.4425 1.51604
36.5053 1.51609
36.5681 1.51419
36.631 1.51035
36.6938 1.50459
36.7566 1.49693
36.8195 1.48739
36.8823 1.47602
36.9451 1.46286
37.008 1.44795
37.0708 1.43136
37.1336 1.41314
37.1965 1.39338
37.2593 1.37214
37.3221 1.3495
37.385 1.32556
37.4478 1.3004
37.5106 1.27412
37.5734 1.24683
37.6363 1.21862
37.6991 1.18961
37.7619 1.1599
37.8248 1.12962
37.8876 1.09888
37.9504 1.06779
38.0133 1.03648
38.0761 1.00507
38.1389 0.973679
38.2018 0.94243
38.2646 0.911443
38.3274 0.880838
38.3903 0.850735
38.4531 0.821249
38.5159 0.792494
38.5788 0.764584
38.6416 0.737626
38.7044 0.711725
38.7673 0.686981
38.8301 0.663492
38.8929 0.641348
38.9557 0.620635
39.0186 0.601435
39.0814 0.583822
39.1442 0.567865
39.2071 0.553627
39.2699 0.541162
39.3327 0.530519
39.3956 0.52174
39.4584 0.51486
39.5212 0.509905
39.5841 0.506894
39.6469 0.505839
39.7097 0.506745
39.7726 0.509607
39.8354 0.514415
39.8982 0.52115
39.9611 0.529785
40.0239 0.540288
40.0867 0.552616
40.1496 0.566721
40.2124 0.58255
40.2752 0.600039
40.338 0.619121
40.4009 0.639721
40.4637 0.661759
40.5265 0.68515
40.5894 0.709801
40.6522 0.735618
40.715 0.762499
40.7779 0.790341
40.8407 0.819035
40.9035 0.848469
40.9664 0.87853
41.0292 0.909101
41.092 0.940063
41.1549 0.971297
41.2177 1.00268
41.2805 1.03409
41.3434 1.06541
41.4062 1.09652
41.469 1.1273
41.5319 1.15762
41.5947 1.18737
41.6575 1.21644
41.7204 1.24471
41.7832 1.27208
41.846 1.29844
41.9088 1.32369
41.9717 1.34773
42.0345 1.37046
42.0973 1.39181
42.1602 1.41169
42.223 1.43003
42.2858 1.44675
42.3487 1.46178
42.4115 1.47508
42.4743 1.48659
42.5372 1.49627
42.6 1.50408
42.6628 1.50998
42.7257 1.51397
42.7885 1.51601
42.8513 1.51611
42.9142 1.51427
42.977 1.51048
43.0398 1.50477
43.1027 1.49716
43.1655 1.48767
43.2283 1.47635
43.2911 1.46323
43.354 1.44837
43.4168 1.43183
43.4796 1.41365
43.5425 1.39393
43.6053 1.37273
43.6681 1.35013
43.731 1.32622
43.7938 1.30109
43.8566 1.27484
43.9195 1.24757
43.9823 1.21939
44.0451 1.1904
44.108 1.16071
44.1708 1.13044
44.2336 1.09971
44.2965 1.06863
44.3593 1.03732
44.4221 1.00592
44.485 0.974522
44.5478 0.943268
44.6106 0.912272
44.6734 0.881656
44.7363 0.851537
44.7991 0.822032
44.8619 0.793257
44.9248 0.765323
44.9876 0.738338
45.0504 0.712407
45.1133 0.687631
45.1761 0.664106
45.2389 0.641925
45.3018 0.621173
45.3646 0.601931
45.4274 0.584274
45.4903 0.568272
45.5531 0.553987
45.6159 0.541473
45.6788 0.530781
45.7416 0.521952
45.8044 0.51502
45.8673 0.510012
45.9301 0.506949
45.9929 0.505842
46.0557 0.506695
46.1186 0.509505
46.1814 0.514261
46.2442 0.520944
46.3071 0.529529
46.3699 0.539981
46.4327 0.552261
46.4956 0.566319
46.5584 0.582102
46.6212 0.599547
46.6841 0.618588
46.7469 0.639148
46.8097 0.661149
46.8726 0.684504
46.9354 0.709123
46.9982 0.734909
47.0611 0.761763
47.1239 0.789581
47.1867 0.818253
47.2496 0.847669
47.3124 0.877715
47.3752 0.908273
47.438 0.939226
47.5009 0.970454
47.5637 1.00184
47.6265 1.03325
47.6894 1.06457
47.7522 1.09569
47.815 1.12647
47.8779 1.15681
47.9407 1.18658
48.0035 1.21567
48.0664 1.24396
48.1292 1.27136
48.192 1.29774
48.2549 1.32302
48.3177 1.3471
48.3805 1.36987
48.4434 1.39126
48.5062 1.41118
48.569 1.42956
48.6319 1.44632
48.6947 1.4614
48.7575 1.47475
48.8203 1.48631
48.8832 1.49603
48.946 1.50389
49.0088 1.50985
49.0717 1.51389
49.1345 1.51598
49.1973 1.51614
49.2602 1.51434
49.323 1.51061
49.3858 1.50495
49.4487 1.49739
49.5115 1.48795
49.5743 1.47668
49.6372 1.46361
49.7 1.44879
49.7628 1.43229
49.8257 1.41416
49.8885 1.39448
49.9513 1.37332
50.0142 1.35075
50.077 1.32688
50.1398 1.30178
50.2027 1.27556
50.2655 1.24832
50.3283 1.22016
50.3911 1.19119
50.454 1.16152
50.5168 1.13126
50.5796 1.10054
50.6425 1.06947
50.7053 1.03817
50.7681 1.00676
50.831 0.975365
50.8938 0.944105
50.9566 0.913101
51.0195 0.882473
51.0823 0.852339
51.1451 0.822817
51.208 0.794021
51.2708 0.766062
51.3336 0.73905
51.3965 0.713089
51.4593 0.688281
51.5221 0.664722
51.585 0.642503
51.6478 0.621711
51.7106 0.602428
51.7734 0.584728
51.8363 0.56868
51.8991 0.554348
51.9619 0.541786
52.0248 0.531044
52.0876 0.522164
52.1504 0.515181
52.2133 0.510122
52.2761 0.507006
52.3389 0.505846
52.4018 0.506646
52.4646 0.509403
52.5274 0.514107
52.5903 0.520739
52.6531 0.529273
52.7159 0.539676
52.7788 0.551907
52.8416 0.565918
52.9044 0.581655
52.9673 0.599057
53.0301 0.618055
53.0929 0.638576
53.1557 0.660539
53.2186 0.683859
53.2814 0.708445
53.3442 0.734201
53.4071 0.761028
53.4699 0.788821
53.5327 0.817472
53.5956 0.846869
53.6584 0.876899
53.7212 0.907446
53.7841 0.93839
53.8469 0.969612
53.9097 1.00099
53.9726 1.03241
54.0354 1.06373
54.0982 1.09486
54.1611 1.12565
54.2239 1.156
54.2867 1.18579
54.3496 1.2149
54.4124 1.24321
54.4752 1.27063
54.538 1.29705
54.6009 1.32236
54.6637 1.34646
54.7265 1.36928
54.7894 1.3907
54.8522 1.41066
54.915 1.42908
54.9779 1.44589
55.0407 1.46102
55.1035 1.47441
55.1664 1.48602
55.2292 1.4958
55.292 1.50371
55.3549 1.50971
55.4177 1.5138
55.4805 1.51595
55.5434 1.51616
55.6062 1.51442
55.669 1.51074
55.7319 1.50513
55.7947 1.49762
55.8575 1.48823
55.9203 1.47701
55.9832 1.46398
56.046 1.44922
56.1088 1.43276
56.1717 1.41467
56.2345 1.39503
56.2973 1.3739
56.3602 1.35138
56.423 1.32754
56.4858 1.30247
56.5487 1.27628
56.6115 1.24906
56.6743 1.22093
56.7372 1.19197
56.8 1.16232
56.8628 1.13208
56.9257 1.10137
56.9885 1.07031
57.0513 1.03901
57.1142 1.00761
57.177 0.976208
57.2398 0.944943
57.3027 0.913931
57.3655 0.883291
57.4283 0.853142
57.4911 0.823602
57.554 0.794785
57.6168 0.766802
57.6796 0.739763
57.7425 0.713773
57.8053 0.688932
57.8681 0.665338
57.931 0.643082
57.9938 0.622251
58.0566 0.602926
58.1195 0.585183
58.1823 0.56909
58.2451 0.55471
58.308 0.5421
58.3708 0.531309
58.4336 0.522379
58.4965 0.515344
58.5593 0.510232
58.6221 0.507064
58.685 0.505851
58.7478 0.506599
58.8106 0.509304
58.8734 0.513955
58.9363 0.520536
58.9991 0.529019
59.0619 0.539372
59.1248 0.551554
59.1876 0.565519
59.2504 0.58121
59.3133 0.598568
59.3761 0.617524
59.4389 0.638005
59.5018 0.65993
59.5646 0.683214
59.6274 0.707768
59.6903 0.733494
59.7531 0.760293
59.8159 0.788062
59.8788 0.816691
59.9416 0.84607
60.0044 0.876084
60.0673 0.906618
60.1301 0.937553
60.1929 0.968769
60.2557 1.00015
60.3186 1.03156
60.3814 1.06289
60.4442 1.09402
60.5071 1.12483
60.5699 1.15519
60.6327 1.18499
60.6956 1.21412
60.7584 1.24246
60.8212 1.26991
60.8841 1.29635
60.9469 1.32169
61.0097 1.34583
61.0726 1.36868
61.1354 1.39014
61.1982 1.41015
61.2611 1.42861
61.3239 1.44546
61.3867 1.46063
61.4496 1.47408
61.5124 1.48573
61.5752 1.49556
61.638 1.50352
61.7009 1.50958
61.7637 1.51372
61.8265 1.51592
61.8894 1.51618
61.9522 1.51449
62.015 1.51086
62.0779 1.5053
62.1407 1.49784
62.2035 1.48851
62.2664 1.47733
62.3292 1.46436
62.392 1.44964
62.4549 1.43322
62.5177 1.41518
62.5805 1.39558
62.6434 1.37449
62.7062 1.352
62.769 1.32819
62.8319 1.30316
62.8947 1.277
62.9575 1.24981
63.0203 1.22169
63.0832 1.19276
63.146 1.16313
63.2088 1.1329
63.2717 1.1022
63.3345 1.07115
63.3973 1.03986
63.4602 1.00845
63.523 0.977052
63.5858 0.945781
63.6487 0.91476
63.7115 0.884109
63.7743 0.853946
63.8372 0.824387
63.9 0.795549
63.9628 0.767543
64.0257 0.740477
64.0885 0.714457
64.1513 0.689584
64.2142 0.665955
64.277 0.643662
64.3398 0.622792
64.4026 0.603425
64.4655 0.585638
64.5283 0.5695
64.5911 0.555074
64.654 0.542416
64.7168 0.531575
64.7796 0.522594
64.8425 0.515508
64.9053 0.510344
64.9681 0.507124
65.031 0.505858
65.0938 0.506553
65.1566 0.509205
65.2195 0.513805
65.2823 0.520334
65.3451 0.528766
65.408 0.539069
65.4708 0.551203
65.5336 0.56512
65.5965 0.580766
65.6593 0.59808
65.7221 0.616994
65.785 0.637434
65.8478 0.659322
65.9106 0.682571
65.9734 0.707092
66.0363 0.732788
66.0991 0.759559
66.1619 0.787303
66.2248 0.81591
66.2876 0.845271
66.3504 0.87527
66.4133 0.905791
66.4761 0.936717
66.5389 0.967927
66.6018 0.999301
66.6646 1.03072
66.7274 1.06205
66.7903 1.09319
66.8531 1.12401
66.9159 1.15438
66.9788 1.1842
67.0416 1.21335
67.1044 1.24171
67.1673 1.26918
67.2301 1.29566
67.2929 1.32103
67.3557 1.3452
67.4186 1.36808
67.4814 1.38959
67.5442 1.40963
67.6071 1.42813
67.6699 1.44503
67.7327 1.46025
67.7956 1.47374
67.8584 1.48544
67.9212 1.49532
67.9841 1.50333
68.0469 1.50944
68.1097 1.51363
68.1726 1.51589
68.2354 1.5162
68.2982 1.51456
68.3611 1.51098
68.4239 1.50548
68.4867 1.49807
68.5496 1.48878
68.6124 1.47766
68.6752 1.46473
68.738 1.45005
68.8009 1.43368
68.8637 1.41568
68.9265 1.39612
68.9894 1.37508
69.0522 1.35262
69.115 1.32885
69.1779 1.30385
69.2407 1.27772
69.3035 1.25055
69.3664 1.22246
69.4292 1.19355
69.492 1.16393
69.5549 1.13372
69.6177 1.10303
69.6805 1.07199
69.7434 1.0407
69.8062 1.0093
69.869 0.977895
69.9319 0.94662
69.9947 0.91559
70.0575 0.884927
70.1203 0.854749
70.1832 0.825173
70.246 0.796314
70.3088 0.768284
70.3717 0.741192
70.4345 0.715142
70.4973 0.690238
70.5602 0.666574
70.623 0.644244
70.6858 0.623334
70.7487 0.603926
70.8115 0.586096
70.8743 0.569912
70.9372 0.555439
71 0.542733
71.0628 0.531842
71.1257 0.522811
71.1885 0.515673
71.2513 0.510458
71.3142 0.507185
71.377 0.505867
71.4398 0.506509
71.5026 0.509108
71.5655 0.513656
71.6283 0.520133
71.6911 0.528515
71.754 0.538768
71.8168 0.550853
71.8796 0.564723
71.9425 0.580323
72.0053 0.597593
72.0681 0.616465
72.131 0.636865
72.1938 0.658715
72.2566 0.681929
72.3195 0.706416
72.3823 0.732082
72.4451 0.758826
72.508 0.786545
72.5708 0.815131
72.6336 0.844472
72.6965 0.874456
72.7593 0.904965
72.8221 0.935881
72.8849 0.967085
72.9478 0.998456
73.0106 1.02987
73.0734 1.06121
73.1363 1.09236
73.1991 1.12318
73.2619 1.15357
73.3248 1.18341
73.3876 1.21257
73.4504 1.24096
73.5133 1.26846
73.5761 1.29496
73.6389 1.32036
73.7018 1.34457
73.7646 1.36748
73.8274 1.38903
73.8903 1.40911
73.9531 1.42766
74.0159 1.44459
74.0788 1.45986
74.1416 1.4734
74.2044 1.48515
74.2673 1.49508
74.3301 1.50314
74.3929 1.5093
74.4557 1.51354
74.5186 1.51585
74.5814 1.51621
74.6442 1.51463
74.7071 1.5111
74.7699 1.50565
74.8327 1.49829
74.8956 1.48906
74.9584 1.47798
75.0212 1.4651
75.0841 1.45047
75.1469 1.43415
75.2097 1.41619
75.2726 1.39667
75.3354 1.37566
75.3982 1.35324
75.4611 1.32951
75.5239 1.30454
75.5867 1.27843
75.6496 1.2513
75.7124 1.22323
75.7752 1.19434
75.838 1.16474
75.9009 1.13454
75.9637 1.10386
76.0265 1.07282
76.0894 1.04154
76.1522 1.01014
76.215 0.978738
76.2779 0.947458
76.3407 0.916421
76.4035 0.885746
76.4664 0.855554
76.5292 0.82596
76.592 0.79708
76.6549 0.769026
76.7177 0.741907
76.7805 0.715828
76.8434 0.690891
76.9062 0.667193
76.969 0.644826
77.0319 0.623877
77.0947 0.604428
77.1575 0.586554
77.2203 0.570325
77.2832 0.555805
77.346 0.543051
77.4088 0.532111
77.4717 0.523029
77.5345 0.51584
77.5973 0.510573
77.6602 0.507247
77.723 0.505876
77.7858 0.506466
77.8487 0.509013
77.9115 0.513508
77.9743 0.519934
78.0372 0.528264
78.1 0.538468
78.1628 0.550505
78.2257 0.564327
78.2885 0.579881
78.3513 0.597107
78.4142 0.615937
78.477 0.636297
78.5398 0.658109
78.6026 0.681287
78.6655 0.705742
78.7283 0.731377
78.7911 0.758094
78.854 0.785788
78.9168 0.814351
78.9796 0.843674
79.0425 0.873642
79.1053 0.904138
79.1681 0.935045
79.231 0.966243
79.2938 0.997611
79.3566 1.02903
79.4195 1.06037
79.4823 1.09152
79.5451 1.12236
79.608 1.15276
79.6708 1.18261
79.7336 1.2118
79.7965 1.24021
79.8593 1.26773
79.9221 1.29426
79.9849 1.31969
80.0478 1.34393
80.1106 1.36689
80.1734 1.38847
80.2363 1.40859
80.2991 1.42718
80.3619 1.44416
80.4248 1.45947
80.4876 1.47306
80.5504 1.48486
80.6133 1.49483
80.6761 1.50295
80.7389 1.50916
80.8018 1.51346
80.8646 1.51582
80.9274 1.51623
80.9903 1.5147
81.0531 1.51122
81.1159 1.50582
81.1788 1.49852
81.2416 1.48933
81.3044 1.4783
81.3672 1.46547
81.4301 1.45089
81.4929 1.43461
81.5557 1.41669
81.6186 1.39721
81.6814 1.37625
81.7442 1.35387
81.8071 1.33016
81.8699 1.30522
81.9327 1.27915
81.9956 1.25204
82.0584 1.22399
82.1212 1.19512
82.1841 1.16554
82.2469 1.13536
82.3097 1.10469
82.3726 1.07366
82.4354 1.04239
82.4982 1.01099
82.5611 0.979582
82.6239 0.948297
82.6867 0.917251
82.7496 0.886565
82.8124 0.856358
82.8752 0.826747
82.938 0.797847
83.0009 0.769769
83.0637 0.742623
83.1265 0.716515
83.1894 0.691546
83.2522 0.667814
83.315 0.645409
83.3779 0.624421
83.4407 0.60493
83.5035 0.587013
83.5664 0.57074
83.6292 0.556173
83.692 0.54337
83.7549 0.532381
83.8177 0.523249
83.8805 0.516009
83.9434 0.510689
84.0062 0.507311
84.069 0.505887
84.1319 0.506424
84.1947 0.508919
84.2575 0.513362
84.3203 0.519736
84.3832 0.528016
84.446 0.538169
84.5088 0.550157
84.5717 0.563932
84.6345 0.579441
84.6973 0.596622
84.7602 0.61541
84.823 0.63573
84.8858 0.657504
84.9487 0.680647
85.0115 0.705068
85.0743 0.730673
85.1372 0.757362
85.2 0.785031
85.2628 0.813573
85.3257 0.842876
85.3885 0.872828
85.4513 0.903312
85.5142 0.93421
85.577 0.965401
85.6398 0.996766
85.7026 1.02818
85.7655 1.05953
85.8283 1.09069
85.8911 1.12153
85.954 1.15195
86.0168 1.18182
86.0796 1.21102
86.1425 1.23946
86.2053 1.267
86.2681 1.29356
86.331 1.31902
86.3938 1.3433
86.4566 1.36629
86.5195 1.3879
86.5823 1.40807
86.6451 1.4267
86.708 1.44373
86.7708 1.45908
86.8336 1.47271
86.8965 1.48457
86.9593 1.49459
87.0221 1.50275
87.0849 1.50902
87.1478 1.51337
87.2106 1.51578
87.2734 1.51624
87.3363 1.51476
87.3991 1.51134
87.4619 1.50599
87.5248 1.49874
87.5876 1.4896
87.6504 1.47862
87.7133 1.46584
87.7761 1.4513
87.8389 1.43507
87.9018 1.4172
87.9646 1.39776
88.0274 1.37683
88.0903 1.35449
88.1531 1.33082
88.2159 1.30591
88.2788 1.27987
88.3416 1.25278
88.4044 1.22476
88.4672 1.19591
88.5301 1.16635
88.5929 1.13618
88.6557 1.10552
88.7186 1.0745
88.7814 1.04323
88.8442 1.01183
88.9071 0.980426
88.9699 0.949136
89.0327 0.918082
89.0956 0.887385
89.1584 0.857163
89.2212 0.827535
89.2841 0.798614
89.3469 0.770512
89.4097 0.74334
89.4726 0.717203
89.5354 0.692202
89.5982 0.668435
89.6611 0.645994
89.7239 0.624966
89.7867 0.605434
89.8495 0.587474
89.9124 0.571155
89.9752 0.556542
90.038 0.543691
90.1009 0.532652
90.1637 0.52347
90.2265 0.516178
90.2894 0.510807
90.3522 0.507376
90.415 0.5059
90.4779 0.506384
90.5407 0.508826
90.6035 0.513217
90.6664 0.519539
90.7292 0.527768
90.792 0.537872
90.8549 0.549811
90.9177 0.563539
90.9805 0.579001
91.0434 0.596139
91.1062 0.614884
91.169 0.635164
91.2319 0.6569
91.2947 0.680007
91.3575 0.704395
91.4203 0.72997
91.4832 0.756631
91.546 0.784275
91.6088 0.812795
91.6717 0.842079
91.7345 0.872015
91.7973 0.902486
91.8602 0.933374
91.923 0.96456
91.9858 0.995922
92.0487 1.02734
92.1115 1.05869
92.1743 1.08985
92.2372 1.12071
92.3 1.15114
92.3628 1.18102
92.4257 1.21025
92.4885 1.2387
92.5513 1.26627
92.6142 1.29286
92.677 1.31835
92.7398 1.34266
92.8026 1.36569
92.8655 1.38734
92.9283 1.40755
92.9911 1.42622
93.054 1.44329
93.1168 1.45869
93.1796 1.47237
93.2425 1.48427
93.3053 1.49435
93.3681 1.50256
93.431 1.50887
93.4938 1.51327
93.5566 1.51574
93.6195 1.51626
93.6823 1.51483
93.7451 1.51146
93.808 1.50616
93.8708 1.49896
93.9336 1.48987
93.9965 1.47894
94.0593 1.46621
94.1221 1.45172
94.1849 1.43553
94.2478 1.4177
