1 1.69167
2 1.08877
3 0.660013
4 0.661233
6 0.889118
9 0.344219
14 0.0140593
20 0.347601
29 0.043197
41 0.00827361
58 0.211542
80 0.0508964
110 0.454305
150 0.24086
202 0.0641673
269 0.21613
357 0.114785
470 0.000942477
613 0.00397177
795 0.0610367
1024 0.0143722
1311 0.0201978
1668 0.0138075
2110 0.00771102
2656 0.0504098
3325 0.0174084
4143 0.0252656
5137 0.00846177
6340 0.00460372
7792 0.00713273
9537 0.0137284
11625 0.00267466
14117 0.0194252
17079 0.020151
20589 0.00245707
24736 0.0241115
29620 0.00106068
35355 0.0101374
42071 0.00377806
49914 0.00134209
59049 0.00640759
69662 0.00343817
81963 0.00133737
96185 0.00537105
112590 0.000685712
131472 0.00443563
153158 0.00202417
178012 0.00112278
206438 0.00335594
238886 0.0006998
275855 0.00556233
317895 0.00282003
365616 0.00118643
419690 0.00460407
480858 0.0028446
549937 0.0013546
627821 0.00259313
715496 0.000383009
814041 0.00124622
924636 7.38772e-05
1048576 0.000982302
1187272 0.00135537
1342266 0.00282334
1515238 0.000105711
1708020 0.000373237
1922602 0.000848047
2161148 0.0026488
2426010 0.00266656
2719736 0.000404656
3045090 0.000684797
3405063 0.00195557
3802892 0.000135852
4242075 0.000162841
4726390 0.000352439
5259913 5.91051e-05
5847040 0.000844214
6492506 0.000152447
7201407 0.00114999
7979227 0.000712498
8831856 0.000407815
9765625 0.000311068
