0.1 -2.30208
0.11 -2.19897
0.12 -2.11442
0.13 -2.03607
0.14 -1.96315
0.15 -1.89499
0.16 -1.83104
0.17 -1.77084
0.18 -1.71398
0.19 -1.66013
0.2 -1.609
0.21 -1.56032
0.22 -1.51389
0.23 -1.4695
0.24 -1.42698
0.25 -1.3862
0.26 -1.34341
0.27 -1.30627
0.28 -1.2704
0.29 -1.23572
0.3 -1.20216
0.31 -1.16966
0.32 -1.13815
0.33 -1.10758
0.34 -1.0779
0.35 -1.04905
0.36 -1.021
0.37 -0.993703
0.38 -0.967119
0.39 -0.941215
0.4 -0.915958
0.41 -0.891316
0.42 -0.867261
0.43 -0.843767
0.44 -0.820808
0.45 -0.798361
0.46 -0.776404
0.47 -0.754917
0.48 -0.733879
0.49 -0.713274
0.5 -0.693082
0.51 -0.673289
0.52 -0.653879
0.53 -0.634838
0.54 -0.616152
0.55 -0.597808
0.56 -0.579794
0.57 -0.560461
0.58 -0.543226
0.59 -0.526273
0.6 -0.509595
0.61 -0.493181
0.62 -0.477026
0.63 -0.461121
0.64 -0.445459
0.65 -0.430033
0.66 -0.414836
0.67 -0.399862
0.68 -0.385105
0.69 -0.370559
0.7 -0.356218
0.71 -0.342076
0.72 -0.328129
0.73 -0.314371
0.74 -0.300798
0.75 -0.287404
0.76 -0.274185
0.77 -0.261137
0.78 -0.248255
0.79 -0.235536
0.8 -0.222975
0.81 -0.210568
0.82 -0.198313
0.83 -0.186205
0.84 -0.17424
0.85 -0.162417
0.86 -0.15073
0.87 -0.139179
0.88 -0.127758
0.89 -0.116466
0.9 -0.105299
0.91 -0.094255
0.92 -0.0833314
0.93 -0.0725253
0.94 -0.0618345
0.95 -0.0512564
0.96 -0.0407887
0.97 -0.0304292
0.98 -0.0201756
0.99 -0.0100259
1 2.20085e-05
1.01 0.00997016
1.02 0.0198205
1.03 0.0295749
1.04 0.0392352
1.05 0.0488032
1.06 0.0582806
1.07 0.0676692
1.08 0.0769705
1.09 0.0861862
1.1 0.0953178
1.11 0.105228
1.12 0.114141
1.13 0.122977
1.14 0.131739
1.15 0.140426
1.16 0.149041
1.17 0.157584
1.18 0.166057
1.19 0.17446
1.2 0.182795
1.21 0.191062
1.22 0.199263
1.23 0.207399
1.24 0.21547
1.25 0.223478
1.26 0.231424
1.27 0.239308
1.28 0.247131
1.29 0.254895
1.3 0.262599
1.31 0.270246
1.32 0.277835
1.33 0.285368
1.34 0.292846
1.35 0.300268
1.36 0.307637
1.37 0.314952
1.38 0.322215
1.39 0.329425
1.4 0.336585
1.41 0.343694
1.42 0.350754
1.43 0.357764
1.44 0.364726
1.45 0.371641
1.46 0.378508
1.47 0.385328
1.48 0.392103
1.49 0.398832
1.5 0.405517
1.51 0.412158
1.52 0.418755
1.53 0.425309
1.54 0.43182
1.55 0.43829
1.56 0.444718
1.57 0.451105
1.58 0.457452
1.59 0.463759
1.6 0.470027
1.61 0.476255
1.62 0.482445
1.63 0.488598
1.64 0.494712
1.65 0.50079
1.66 0.506831
1.67 0.512836
1.68 0.518805
1.69 0.524739
1.7 0.530638
1.71 0.536502
1.72 0.542332
1.73 0.548129
1.74 0.553892
1.75 0.559622
1.76 0.565319
1.77 0.570984
1.78 0.576618
1.79 0.582767
1.8 0.588305
1.81 0.593813
1.82 0.599293
1.83 0.604744
1.84 0.610167
1.85 0.615562
1.86 0.620929
1.87 0.626268
1.88 0.63158
1.89 0.636865
1.9 0.642123
1.91 0.647355
1.92 0.65256
1.93 0.657738
1.94 0.662891
1.95 0.668019
1.96 0.67312
1.97 0.678197
1.98 0.683249
1.99 0.688275
2 0.693277
2.01 0.698255
2.02 0.703209
2.03 0.708139
2.04 0.713045
2.05 0.717927
2.06 0.722787
2.07 0.727623
2.08 0.732436
2.09 0.737227
2.1 0.741995
2.11 0.74674
2.12 0.751464
2.13 0.756166
2.14 0.760846
2.15 0.765504
2.16 0.770141
2.17 0.774757
2.18 0.779352
2.19 0.783926
2.2 0.788479
2.21 0.793012
2.22 0.797525
2.23 0.802018
2.24 0.80649
2.25 0.810943
2.26 0.815376
2.27 0.81979
2.28 0.824184
2.29 0.82856
2.3 0.832916
2.31 0.837254
2.32 0.841573
2.33 0.845873
2.34 0.850155
2.35 0.854419
2.36 0.858665
2.37 0.862893
2.38 0.867103
2.39 0.871295
2.4 0.87547
2.41 0.880037
2.42 0.884138
2.43 0.888224
2.44 0.892296
2.45 0.896354
2.46 0.900398
2.47 0.904427
2.48 0.908443
2.49 0.912444
2.5 0.916431
2.51 0.920404
2.52 0.924363
2.53 0.928308
2.54 0.932239
2.55 0.936157
2.56 0.94006
2.57 0.943949
2.58 0.947824
2.59 0.951685
2.6 0.955533
2.61 0.959367
2.62 0.963187
2.63 0.966993
2.64 0.970785
2.65 0.974881
2.66 0.978559
2.67 0.982238
2.68 0.985917
2.69 0.989596
2.7 0.993274
2.71 0.996953
2.72 1.00063
2.73 1.00431
2.74 1.00799
2.75 1.01167
2.76 1.01535
2.77 1.01903
2.78 1.0227
2.79 1.02638
2.8 1.02961
2.81 1.03318
2.82 1.03672
2.83 1.04026
2.84 1.04378
2.85 1.04729
2.86 1.05079
2.87 1.05427
2.88 1.05774
2.89 1.0612
2.9 1.06464
2.91 1.06807
2.92 1.07149
2.93 1.07489
2.94 1.07828
2.95 1.08166
2.96 1.08503
2.97 1.08838
2.98 1.09172
2.99 1.09505
3 1.09836
3.01 1.10166
3.02 1.10495
3.03 1.10856
3.04 1.11186
3.05 1.11514
3.06 1.11841
3.07 1.12168
3.08 1.12493
3.09 1.12817
3.1 1.1314
3.11 1.13462
3.12 1.13783
3.13 1.14103
3.14 1.14422
3.15 1.1474
3.16 1.15057
3.17 1.15373
3.18 1.15687
3.19 1.16001
3.2 1.16314
3.21 1.16626
3.22 1.16937
3.23 1.17247
3.24 1.17556
3.25 1.17864
3.26 1.18171
3.27 1.18477
3.28 1.18783
3.29 1.19087
3.3 1.1939
3.31 1.19693
3.32 1.19994
3.33 1.20295
3.34 1.20594
3.35 1.20893
3.36 1.21191
3.37 1.21488
3.38 1.21784
3.39 1.22079
3.4 1.22373
3.41 1.22667
3.42 1.22959
3.43 1.23251
3.44 1.23542
3.45 1.23832
3.46 1.24121
3.47 1.24409
3.48 1.24696
3.49 1.24983
3.5 1.25268
3.51 1.25553
3.52 1.25837
3.53 1.2612
3.54 1.26403
3.55 1.26684
3.56 1.26965
3.57 1.27245
3.58 1.27524
3.59 1.27802
3.6 1.2808
3.61 1.28356
3.62 1.28632
3.63 1.28907
3.64 1.29182
3.65 1.29455
3.66 1.29728
3.67 1.3
3.68 1.30271
3.69 1.30541
3.7 1.30811
3.71 1.3108
3.72 1.31348
3.73 1.31615
3.74 1.31882
3.75 1.32176
3.76 1.32442
3.77 1.32708
3.78 1.32973
3.79 1.33237
3.8 1.335
3.81 1.33763
3.82 1.34025
3.83 1.34287
3.84 1.34547
3.85 1.34808
3.86 1.35067
3.87 1.35326
3.88 1.35584
3.89 1.35841
3.9 1.36098
3.91 1.36354
3.92 1.3661
3.93 1.36864
3.94 1.37119
3.95 1.37372
3.96 1.37625
3.97 1.37877
3.98 1.38129
3.99 1.3838
4 1.3863
4.01 1.3888
4.02 1.39129
4.03 1.39377
4.04 1.39625
4.05 1.39873
4.06 1.40119
4.07 1.40365
4.08 1.40611
4.09 1.40856
4.1 1.411
4.11 1.41343
4.12 1.41586
4.13 1.41829
4.14 1.42071
4.15 1.42312
4.16 1.42553
4.17 1.42793
4.18 1.43033
4.19 1.43272
4.2 1.4351
4.21 1.43748
4.22 1.43985
4.23 1.44222
4.24 1.44458
4.25 1.44694
4.26 1.44929
4.27 1.45164
4.28 1.45398
4.29 1.45631
4.3 1.45864
4.31 1.46097
4.32 1.46328
4.33 1.4656
4.34 1.46791
4.35 1.47021
4.36 1.47251
4.37 1.4748
4.38 1.47709
4.39 1.47937
4.4 1.48165
4.41 1.48392
4.42 1.48618
4.43 1.48845
4.44 1.4907
4.45 1.49295
4.46 1.4952
4.47 1.49744
4.48 1.49968
4.49 1.50191
4.5 1.50414
4.51 1.50636
4.52 1.50858
4.53 1.51079
4.54 1.513
4.55 1.5152
4.56 1.5174
4.57 1.51959
4.58 1.52178
4.59 1.52396
4.6 1.52614
4.61 1.52832
4.62 1.53049
4.63 1.53265
4.64 1.53481
4.65 1.53697
4.66 1.53912
4.67 1.54127
4.68 1.54341
4.69 1.54555
4.7 1.54768
4.71 1.54981
4.72 1.55194
4.73 1.55406
4.74 1.55618
4.75 1.55829
4.76 1.5604
4.77 1.5625
4.78 1.5646
4.79 1.56669
4.8 1.56879
4.81 1.57087
4.82 1.57295
4.83 1.57503
4.84 1.57711
4.85 1.57918
4.86 1.58124
4.87 1.58309
4.88 1.58514
4.89 1.58719
4.9 1.58923
4.91 1.59127
4.92 1.59331
4.93 1.59534
4.94 1.59736
4.95 1.59939
4.96 1.6014
4.97 1.60342
4.98 1.60543
4.99 1.60743
5 1.60944
5.01 1.61143
5.02 1.61343
5.03 1.61542
5.04 1.6174
5.05 1.61939
5.06 1.62136
5.07 1.62334
5.08 1.62531
5.09 1.62728
5.1 1.62924
5.11 1.6312
5.12 1.63315
5.13 1.6351
5.14 1.63705
5.15 1.63899
5.16 1.64093
5.17 1.64287
5.18 1.6448
5.19 1.64673
5.2 1.64866
5.21 1.65058
5.22 1.65249
5.23 1.65441
5.24 1.65632
5.25 1.65822
5.26 1.66013
5.27 1.66203
5.28 1.66392
5.29 1.66581
5.3 1.6677
5.31 1.66959
5.32 1.67147
5.33 1.67335
5.34 1.67522
5.35 1.67709
5.36 1.67896
5.37 1.68082
5.38 1.68268
5.39 1.68454
5.4 1.68639
5.41 1.68824
5.42 1.69009
5.43 1.69193
5.44 1.69377
5.45 1.69561
5.46 1.69744
5.47 1.69927
5.48 1.7011
5.49 1.70292
5.5 1.70474
5.51 1.70655
5.52 1.70837
5.53 1.71018
5.54 1.71198
5.55 1.71379
5.56 1.71559
5.57 1.71738
5.58 1.71918
5.59 1.72097
5.6 1.72275
5.61 1.72454
5.62 1.72632
5.63 1.72809
5.64 1.72987
5.65 1.73164
5.66 1.73341
5.67 1.73517
5.68 1.73693
5.69 1.73869
5.7 1.74045
5.71 1.7422
5.72 1.74395
5.73 1.74569
5.74 1.74744
5.75 1.74918
5.76 1.75091
5.77 1.75265
5.78 1.75438
5.79 1.75611
5.8 1.75783
5.81 1.75955
5.82 1.76127
5.83 1.76299
5.84 1.7647
5.85 1.76641
5.86 1.76812
5.87 1.76982
5.88 1.77152
5.89 1.77322
5.9 1.77492
5.91 1.77661
5.92 1.7783
5.93 1.77998
5.94 1.78167
5.95 1.78335
5.96 1.78503
5.97 1.7867
5.98 1.78837
5.99 1.79004
6 1.79171
6.01 1.79337
6.02 1.79503
6.03 1.79669
6.04 1.79835
6.05 1.8
6.06 1.80165
6.07 1.8033
6.08 1.80494
6.09 1.80658
6.1 1.80822
6.11 1.80986
6.12 1.81149
6.13 1.81312
6.14 1.81483
6.15 1.81645
6.16 1.81808
6.17 1.8197
6.18 1.82132
6.19 1.82294
6.2 1.82455
6.21 1.82616
6.22 1.82777
6.23 1.82938
6.24 1.83098
6.25 1.83258
6.26 1.83418
6.27 1.83578
6.28 1.83737
6.29 1.83896
6.3 1.84055
6.31 1.84214
6.32 1.84372
6.33 1.8453
6.34 1.84688
6.35 1.84846
6.36 1.85003
6.37 1.8516
6.38 1.85317
6.39 1.85474
6.4 1.8563
6.41 1.85786
6.42 1.85942
6.43 1.86098
6.44 1.86253
6.45 1.86409
6.46 1.86563
6.47 1.86718
6.48 1.86873
6.49 1.87027
6.5 1.87181
6.51 1.87335
6.52 1.87488
6.53 1.87641
6.54 1.87794
6.55 1.87947
6.56 1.881
6.57 1.88252
6.58 1.88404
6.59 1.88556
6.6 1.88708
6.61 1.88859
6.62 1.8901
6.63 1.89161
6.64 1.89312
6.65 1.89463
6.66 1.89613
6.67 1.89763
6.68 1.89913
6.69 1.90063
6.7 1.90212
6.71 1.90361
6.72 1.9051
6.73 1.90659
6.74 1.90807
6.75 1.90956
6.76 1.91104
6.77 1.91252
6.78 1.91399
6.79 1.91547
6.8 1.91694
6.81 1.91841
6.82 1.91988
6.83 1.92134
6.84 1.92281
6.85 1.92427
6.86 1.92573
6.87 1.92718
6.88 1.92864
6.89 1.93009
6.9 1.93154
6.91 1.93299
6.92 1.93444
6.93 1.93588
6.94 1.93733
6.95 1.93877
6.96 1.94021
6.97 1.94164
6.98 1.94308
6.99 1.94451
7 1.94594
7.01 1.94737
7.02 1.94879
7.03 1.95022
7.04 1.95164
7.05 1.95306
7.06 1.95448
7.07 1.9559
7.08 1.95731
7.09 1.95872
7.1 1.96013
7.11 1.96154
7.12 1.96295
7.13 1.96435
7.14 1.96576
7.15 1.96716
7.16 1.96856
7.17 1.96995
7.18 1.97135
7.19 1.97274
7.2 1.97413
7.21 1.97552
7.22 1.97691
7.23 1.9783
7.24 1.97968
7.25 1.98106
7.26 1.98244
7.27 1.98382
7.28 1.9852
7.29 1.98657
7.3 1.98794
7.31 1.98931
7.32 1.99068
7.33 1.99205
7.34 1.99342
7.35 1.99478
7.36 1.99614
7.37 1.9975
7.38 1.99886
7.39 2.00022
7.4 2.00157
7.41 2.00292
7.42 2.00427
7.43 2.00562
7.44 2.00697
7.45 2.00832
7.46 2.00966
7.47 2.011
7.48 2.01234
7.49 2.01368
7.5 2.01502
7.51 2.01636
7.52 2.01769
7.53 2.01902
7.54 2.02035
7.55 2.02155
7.56 2.02287
7.57 2.02419
7.58 2.02551
7.59 2.02683
7.6 2.02815
7.61 2.02946
7.62 2.03078
7.63 2.03209
7.64 2.0334
7.65 2.03471
7.66 2.03601
7.67 2.03732
7.68 2.03862
7.69 2.03992
7.7 2.04122
7.71 2.04252
7.72 2.04381
7.73 2.04511
7.74 2.0464
7.75 2.04769
7.76 2.04898
7.77 2.05027
7.78 2.05156
7.79 2.05284
7.8 2.05412
7.81 2.0554
7.82 2.05668
7.83 2.05796
7.84 2.05924
7.85 2.06051
7.86 2.06179
7.87 2.06306
7.88 2.06433
7.89 2.06559
7.9 2.06686
7.91 2.06813
7.92 2.06939
7.93 2.07065
7.94 2.07191
7.95 2.07317
7.96 2.07442
7.97 2.07568
7.98 2.07693
7.99 2.07819
8 2.07944
8.01 2.08069
8.02 2.08193
8.03 2.08318
8.04 2.08442
8.05 2.08567
8.06 2.08691
8.07 2.08815
8.08 2.08938
8.09 2.09062
8.1 2.09186
8.11 2.09309
8.12 2.09432
8.13 2.09555
8.14 2.09678
8.15 2.09801
8.16 2.09924
8.17 2.10046
8.18 2.10168
8.19 2.1029
8.2 2.10412
8.21 2.10534
8.22 2.10656
8.23 2.10777
8.24 2.10899
8.25 2.1102
8.26 2.11141
8.27 2.11262
8.28 2.11383
8.29 2.11504
8.3 2.11624
8.31 2.11744
8.32 2.11865
8.33 2.11985
8.34 2.12105
8.35 2.12224
8.36 2.12344
8.37 2.12464
8.38 2.12583
8.39 2.12702
8.4 2.12821
8.41 2.1294
8.42 2.13059
8.43 2.13178
8.44 2.13296
8.45 2.13414
8.46 2.13533
8.47 2.13651
8.48 2.13769
8.49 2.13886
8.5 2.14004
8.51 2.14122
8.52 2.14239
8.53 2.14356
8.54 2.14473
8.55 2.1459
8.56 2.14707
8.57 2.14824
8.58 2.1494
8.59 2.15056
8.6 2.15173
8.61 2.15289
8.62 2.15405
8.63 2.15521
8.64 2.15636
8.65 2.15752
8.66 2.15867
8.67 2.15983
8.68 2.16098
8.69 2.16213
8.7 2.16328
8.71 2.16442
8.72 2.16557
8.73 2.16671
8.74 2.16786
8.75 2.169
8.76 2.17014
8.77 2.17128
8.78 2.17242
8.79 2.17356
8.8 2.17469
8.81 2.17582
8.82 2.17696
8.83 2.17809
8.84 2.17922
8.85 2.18035
8.86 2.18147
8.87 2.1826
8.88 2.18373
8.89 2.18485
8.9 2.18597
8.91 2.18709
8.92 2.18821
8.93 2.18933
8.94 2.19045
8.95 2.19156
8.96 2.19268
8.97 2.19379
8.98 2.1949
8.99 2.19601
9 2.19712
9.01 2.19823
9.02 2.19933
9.03 2.20055
9.04 2.20166
9.05 2.20277
9.06 2.20387
9.07 2.20497
9.08 2.20607
9.09 2.20718
9.1 2.20827
9.11 2.20937
9.12 2.21047
9.13 2.21157
9.14 2.21266
9.15 2.21375
9.16 2.21485
9.17 2.21594
9.18 2.21703
9.19 2.21812
9.2 2.2192
9.21 2.22029
9.22 2.22138
9.23 2.22246
9.24 2.22354
9.25 2.22462
9.26 2.2257
9.27 2.22678
9.28 2.22786
9.29 2.22894
9.3 2.23001
9.31 2.23109
9.32 2.23216
9.33 2.23324
9.34 2.23431
9.35 2.23538
9.36 2.23645
9.37 2.23751
9.38 2.23858
9.39 2.23965
9.4 2.24071
9.41 2.24177
9.42 2.24284
9.43 2.2439
9.44 2.24496
9.45 2.24602
9.46 2.24707
9.47 2.24813
9.48 2.24918
9.49 2.25024
9.5 2.25129
9.51 2.25234
9.52 2.2534
9.53 2.25445
9.54 2.25549
9.55 2.25654
9.56 2.25759
9.57 2.2586
9.58 2.25965
9.59 2.26069
9.6 2.26176
9.61 2.2628
9.62 2.26384
9.63 2.26488
9.64 2.26592
9.65 2.26696
9.66 2.26799
9.67 2.26903
9.68 2.27006
9.69 2.2711
9.7 2.27213
9.71 2.27316
9.72 2.27419
9.73 2.27521
9.74 2.27624
9.75 2.27727
9.76 2.27829
9.77 2.27932
9.78 2.28034
9.79 2.28136
9.8 2.28238
9.81 2.2834
9.82 2.28442
9.83 2.28544
9.84 2.28646
9.85 2.28747
9.86 2.28849
9.87 2.2895
9.88 2.29052
9.89 2.29153
9.9 2.29254
9.91 2.29355
9.92 2.29456
9.93 2.29556
9.94 2.29657
9.95 2.29758
9.96 2.29858
9.97 2.29959
9.98 2.30059
9.99 2.30159
10 2.30259


0.1 -2.30259
0.4 -0.916291
0.7 -0.356675
1 0
1.3 0.262364
1.6 0.470004
1.9 0.641854
2.2 0.788457
2.5 0.916291
2.8 1.02962
3.1 1.1314
3.4 1.22378
3.7 1.30833
4 1.38629
4.3 1.45862
4.6 1.52606
4.9 1.58924
5.2 1.64866
5.5 1.70475
5.8 1.75786
6.1 1.80829
6.4 1.8563
6.7 1.90211
7 1.94591
7.3 1.98787
7.6 2.02815
7.9 2.06686
8.2 2.10413
8.5 2.14007
8.8 2.17475
9.1 2.20827
9.4 2.24071
9.7 2.27213
